:Product: 202312120515_DIF.txt 
:Created: 2023 Dec 12 0536 UTC
# United States Total Electron Content (USTEC), Operational Version 2.0
# Prepared by the U.S. Dept. of Commerce, NOAA, Space Weather Prediction Center.
#
# Units: TEC: TECU (10^16 electrons/m^2) x 10
#        Longitude, Latitude: degrees x 10
# Source: Kalman filter data assimilation model using ground-based GPS data from NGS, CORS, RTIGS, GPS/MET
# Missing data: n/a
# End record identifier: End of file
# Time Range: 2023 Dec 12 0515 - 0530 UTC
# Cadence: 15 minutes
# URL: http://www.swpc.noaa.gov/products/us-total-electron-content
#
# See _______________ for format explanation.
#
#          Difference from 10 day average indicating recent trend
#-------------------------------------------------------------------------
   10 -1600 -1560 -1520 -1480 -1440 -1400 -1360 -1320 -1280 -1240 -1200 -1160 -1120 -1080 -1040 -1000  -960  -920  -880  -840  -800  -760  -720  -680  -640  -600  -560  -520  -480  -440  -400 
   10   -52   -52   -52   -52   -52   -52   -52   -52   -53   -54   -56   -58   -62   -67   -72   -77   -80   -81   -80   -73   -63   -52   -43   -41   -43   -48   -53   -58   -62   -65   -68 
   25   -52   -52   -52   -52   -52   -52   -52   -52   -52   -53   -55   -57   -61   -67   -71   -76   -80   -82   -81   -76   -66   -54   -43   -38   -40   -46   -53   -60   -64   -67   -70 
   40   -52   -52   -52   -52   -51   -51   -51   -51   -51   -52   -53   -55   -59   -64   -69   -75   -80   -82   -80   -73   -62   -50   -39   -33   -37   -45   -54   -61   -66   -68   -71 
   55   -52   -52   -52   -51   -51   -51   -50   -50   -50   -50   -50   -52   -55   -60   -65   -71   -77   -82   -83   -77   -64   -50   -38   -33   -37   -47   -57   -64   -68   -70   -72 
   70   -52   -52   -51   -51   -51   -50   -49   -49   -48   -47   -47   -47   -48   -52   -56   -63   -70   -77   -82   -77   -65   -53   -45   -42   -46   -54   -62   -68   -71   -72   -73 
   85   -52   -51   -51   -50   -50   -49   -48   -47   -45   -44   -41   -40   -41   -44   -48   -53   -57   -59   -58   -52   -46   -44   -42   -44   -51   -61   -68   -72   -73   -73   -73 
  100   -51   -51   -50   -50   -49   -48   -46   -44   -43   -40   -37   -35   -36   -38   -40   -43   -47   -49   -48   -40   -31   -32   -41   -52   -62   -68   -72   -73   -73   -72   -72 
  115   -51   -51   -50   -49   -48   -46   -44   -42   -39   -36   -33   -30   -30   -32   -34   -36   -36   -37   -37   -30   -19   -13   -18   -36   -57   -69   -72   -73   -71   -70   -70 
  130   -51   -50   -49   -48   -47   -44   -42   -39   -36   -32   -28   -25   -23   -23   -23   -24   -27   -27   -21    -9    -1    -4   -16   -31   -46   -55   -59   -62   -65   -67   -68 
  145   -50   -49   -48   -47   -45   -42   -39   -36   -32   -27   -22   -18   -17   -17   -16   -14   -13   -12    -9    -2     2    -1   -11   -26   -43   -58   -66   -69   -68   -67   -67 
  160   -50   -49   -47   -45   -43   -40   -36   -32   -27   -21   -15   -11    -9    -8    -7    -5    -2     1     6    10     8    -2   -14   -25   -36   -50   -64   -73   -73   -69   -67 
  175   -49   -48   -46   -44   -41   -37   -33   -28   -22   -15    -7    -2     1     0     1     3     3     3     2     3     1    -4   -11   -19   -31   -45   -55   -60   -60   -60   -61 
  190   -48   -46   -44   -42   -39   -34   -29   -23   -16    -8     1     8    10     9     8     8     6     5     4     4     2    -4   -10   -13   -19   -28   -38   -46   -51   -55   -58 
  205   -47   -45   -42   -39   -36   -31   -25   -18   -10    -1     8    15    17    16    15    12    10     9     8     8     7     2    -4    -9   -15   -25   -35   -43   -48   -51   -54 
  220   -45   -43   -40   -37   -33   -27   -21   -13    -4     5    13    19    22    22    20    17    13    11    11    12    10     5    -2    -5   -10   -18   -29   -39   -45   -48   -50 
  235   -44   -41   -37   -33   -28   -23   -16    -8     1     8    15    19    23    24    23    19    15    13    13    14    12     7     4     2    -4   -14   -25   -35   -41   -44   -45 
  250   -42   -38   -34   -29   -24   -19   -12    -5     3     9    14    18    21    23    22    18    15    14    15    16    14    12    12    10     4    -5   -14   -22   -30   -35   -38 
  265   -40   -35   -29   -24   -18   -13    -7     0     5     9    12    15    18    19    18    15    15    17    19    20    20    18    15    11     6    -1    -8   -15   -21   -27   -31 
  280   -38   -32   -26   -19   -13    -7    -1     4     8     8     9     9    11    11    12    13    16    19    22    24    24    21    16    12     8     3    -1    -7   -14   -19   -24 
  295   -36   -31   -24   -17   -10    -3     3     6     6     3     0    -1     1     5     8    13    18    22    25    26    25    21    16    11     7     5     1    -4   -10   -15   -18 
  310   -34   -28   -21   -14    -7    -1     4     5     2    -4    -9   -11    -7    -1     7    14    20    26    29    29    25    20    14     9     6     4     2    -3    -8   -12   -16 
  325   -32   -25   -18   -11    -6    -3     0     1    -2   -11   -21   -24   -17    -5     6    14    21    26    29    28    23    18    12     7     4     1    -2    -5    -9   -13   -16 
  340   -30   -23   -14    -7    -3    -1    -1    -4    -6   -12   -18   -19   -11     1    11    17    21    23    24    22    18    14    10     7     4     1    -3    -7   -10   -14   -16 
  355   -28   -20   -11    -4     2     5     6     6     3    -2    -9   -10    -2     9    18    22    23    23    22    19    15    11     8     6     3     0    -4    -8   -12   -15   -17 
  370   -27   -19   -10    -2     5     8    10    10     9     5    -1    -1     6    16    23    26    26    24    20    15    11     7     5     3     1    -2    -6   -10   -14   -17   -20 
  385   -25   -18    -9     1     8    12    13    14    15    10     4     2     7    17    25    28    25    22    18    14    10     6     3     0    -3    -6   -10   -13   -17   -19   -22 
  400   -22   -15    -6     4    12    16    18    18    16    11     4     3     9    16    20    21    20    19    17    13     9     4     0    -4    -8   -11   -14   -16   -19   -22   -25 
  415   -17   -11    -3     6    14    19    21    19    15     7     0     1    10    20    23    21    18    17    16    13     7     1    -5   -10   -13   -15   -17   -20   -23   -26   -28 
  430   -12    -5     3    10    16    20    23    22    15     4    -3     0    11    22    24    21    18    16    14     9     2    -6   -12   -16   -18   -19   -21   -24   -27   -29   -30 
  445    -7     1    10    17    22    25    25    23    15     6     1     6    16    26    29    26    20    14     9     3    -4   -11   -18   -22   -23   -24   -26   -28   -30   -32   -33 
  460    -3     5    14    22    28    31    33    29    18     8     4     9    20    27    29    27    22    16     8    -1   -10   -18   -25   -29   -29   -30   -31   -33   -34   -34   -35 
  475    -1     7    16    24    30    35    36    32    23    14    12    18    29    35    34    28    21    12     1   -10   -19   -27   -34   -39   -42   -41   -39   -38   -37   -36   -35 
  490    -1     6    14    22    30    37    39    37    29    20    17    20    27    31    30    25    16     7    -5   -17   -28   -38   -45   -49   -49   -46   -43   -40   -38   -37   -36 
  505    -2     3     9    17    27    34    37    35    28    21    18    20    25    25    22    15     8    -1   -11   -21   -31   -40   -46   -49   -48   -45   -42   -39   -37   -36   -35 
  520    -6    -4     0     7    17    26    29    27    23    18    16    17    18    17    13     7     1    -6   -14   -21   -26   -31   -35   -39   -40   -39   -36   -34   -33   -33   -33 
  535   -14   -13   -11    -3     7    16    20    21    19    16    15    13    12     9     4     0    -5    -9   -13   -18   -22   -27   -30   -32   -32   -31   -30   -29   -30   -31   -31 
  550   -22   -23   -21   -13    -2     8    14    16    15    14    13    10     6     2    -2    -6    -9   -12   -15   -18   -21   -24   -25   -26   -25   -25   -25   -25   -27   -28   -30 
  565   -27   -31   -30   -21    -9     2     8    10    11    10     8     5     1    -3    -6    -9   -12   -14   -16   -18   -20   -22   -24   -24   -22   -21   -21   -23   -25   -27   -29 
  580   -32   -38   -39   -30   -17    -6     0     4     6     6     5     2    -2    -6    -9   -12   -14   -16   -17   -17   -19   -21   -24   -25   -24   -24   -24   -25   -27   -28   -29 
  595   -36   -41   -40   -31   -20   -13    -8    -4     1     4     4     1    -2    -6   -10   -13   -16   -17   -18   -19   -21   -24   -27   -27   -26   -26   -27   -28   -29   -30   -31 
  610   -34   -40   -43   -39   -28   -18   -11    -4     2     6     5     3    -1    -5    -9   -13   -17   -19   -20   -22   -25   -29   -33   -34   -33   -33   -33   -33   -33   -33   -33 
  625   -39   -39   -40   -38   -32   -24   -13    -2     6    10     9     6     2    -2    -6   -11   -16   -20   -23   -27   -32   -37   -41   -40   -38   -38   -37   -37   -36   -36   -36 
  640   -47   -41   -39   -41   -38   -27   -14     0     9    14    14    10     6     1    -4    -8   -14   -20   -26   -31   -36   -40   -42   -41   -40   -40   -40   -39   -39   -38   -39 
  655   -67   -57   -51   -48   -42   -30   -16    -3     8    14    15    13     8     3    -2    -8   -15   -21   -28   -33   -37   -41   -43   -43   -42   -42   -42   -41   -41   -40   -41 
  670   -76   -68   -60   -53   -44   -33   -21    -9     1     8    11    10     6     1    -5   -11   -17   -24   -30   -35   -39   -42   -44   -44   -44   -43   -43   -43   -42   -42   -42 
  685   -73   -68   -61   -54   -44   -33   -22   -12    -4     2     4     3     0    -4    -9   -14   -20   -26   -32   -37   -41   -43   -44   -44   -44   -44   -44   -44   -43   -43   -43 
  700   -67   -63   -58   -50   -41   -32   -23   -14    -8    -4    -2    -3    -6    -9   -13   -18   -23   -28   -33   -37   -40   -42   -44   -45   -45   -45   -45   -45   -45   -45   -45 
