:Product: 202312010530_ERR.txt 
:Created: 2023 Dec 01 0609 UTC
# United States Total Electron Content (USTEC), Operational Version 2.0
# Prepared by the U.S. Dept. of Commerce, NOAA, Space Weather Prediction Center.
#
# Units: TEC: TECU (10^16 electrons/m^2) x 10
#        Longitude, Latitude: degrees x 10
# Source: Kalman filter data assimilation model using ground-based GPS data from NGS, CORS, RTIGS, GPS/MET
# Missing data: n/a
# End record identifier: End of file
# Time Range: 2023 Dec 01 0530 - 0545 UTC
# Cadence: 15 minutes
# URL: http://www.swpc.noaa.gov/products/us-total-electron-content
#
# See _______________ for format explanation.
#
#                   Total Electron Content uncertainty
#-------------------------------------------------------------------------
    0 -1600 -1560 -1520 -1480 -1440 -1400 -1360 -1320 -1280 -1240 -1200 -1160 -1120 -1080 -1040 -1000  -960  -920  -880  -840  -800  -760  -720  -680  -640  -600  -560  -520  -480  -440  -400 
   10    27    27    27    27    27    27    27    27    27    27    27    27    27    27    28    28    28    28    27    27    28    28    29    29    28    28    27    27    28    28    29 
   25    26    26    26    26    26    26    26    26    26    26    26    26    26    27    27    27    27    27    26    27    27    28    28    28    28    27    27    27    27    27    28 
   40    26    26    26    26    26    26    26    26    26    26    26    26    26    26    26    26    26    26    26    27    27    28    28    28    27    27    26    26    27    27    28 
   55    26    26    26    26    26    26    26    26    26    26    26    26    26    26    26    26    26    26    26    27    27    27    27    27    27    26    26    26    27    27    28 
   70    26    26    26    26    26    26    26    26    26    26    26    26    26    26    26    26    26    26    26    26    26    27    27    27    27    26    26    27    27    27    28 
   85    26    26    26    26    26    26    26    26    26    26    27    27    27    27    27    27    27    27    26    27    27    27    27    27    27    26    26    27    27    27    28 
  100    26    26    26    26    26    26    26    26    27    27    27    27    27    27    27    27    27    27    27    27    28    28    28    27    26    26    26    27    27    27    28 
  115    26    26    26    26    26    26    26    27    27    27    27    28    28    28    27    27    27    27    27    28    28    29    28    28    27    26    26    27    27    27    27 
  130    26    26    26    26    26    26    27    27    27    27    28    28    28    28    28    28    28    28    28    29    29    29    28    27    26    26    27    27    27    27    27 
  145    26    26    26    26    26    26    27    27    27    28    28    28    29    28    28    28    28    28    29    29    29    29    28    27    27    26    26    26    27    27    27 
  160    26    26    26    26    26    27    27    27    28    28    28    29    29    29    29    29    29    29    29    29    29    29    28    28    27    27    26    26    26    27    27 
  175    26    26    26    26    27    27    27    28    28    28    29    29    29    29    29    29    29    29    30    30    29    29    28    28    27    27    26    26    26    26    27 
  190    26    26    26    27    27    27    27    28    28    29    29    30    30    30    30    30    30    30    30    30    29    29    28    28    28    27    27    26    26    26    27 
  205    26    26    26    27    27    27    28    28    29    29    30    30    31    30    30    30    30    30    30    30    30    29    29    28    28    28    27    27    26    26    27 
  220    26    26    27    27    27    28    28    29    29    30    30    31    31    31    31    30    30    30    30    30    30    29    29    28    28    28    27    27    27    27    27 
  235    26    27    27    27    27    28    28    29    29    30    30    31    31    31    31    30    30    30    30    30    30    30    29    29    29    28    28    27    27    27    27 
  250    26    27    27    27    28    28    29    29    30    30    30    31    31    30    30    30    30    30    30    30    30    30    30    29    29    29    28    28    27    27    28 
  265    27    27    27    28    28    28    29    29    30    30    30    30    30    30    30    30    30    30    30    30    30    30    30    29    29    29    28    28    28    28    28 
  280    27    27    27    28    28    29    29    29    30    30    30    30    30    30    30    30    30    30    30    31    30    30    30    30    29    29    29    28    28    28    28 
  295    27    27    28    28    28    29    29    29    30    29    29    29    29    29    30    30    30    30    31    31    31    30    30    30    29    29    29    29    28    28    28 
  310    27    27    28    28    29    29    29    29    29    29    28    28    29    29    30    30    30    31    31    31    31    30    30    30    29    29    29    29    29    28    29 
  325    27    27    28    28    29    29    29    30    29    29    28    27    28    29    30    30    30    31    31    31    31    30    30    29    29    29    29    29    29    28    29 
  340    27    28    28    29    29    29    29    29    29    29    28    28    28    29    30    30    30    31    31    31    30    30    30    29    29    29    29    29    28    28    29 
  355    27    28    28    29    29    29    29    29    29    29    29    29    29    30    30    31    31    31    31    30    30    30    30    29    29    29    29    29    28    28    29 
  370    28    28    29    29    29    30    30    30    30    30    29    29    30    30    31    31    31    31    30    30    30    30    29    29    29    29    29    28    28    28    29 
  385    28    28    29    29    30    30    30    30    30    30    30    30    30    30    30    31    31    31    31    30    30    30    29    29    29    29    28    28    28    28    28 
  400    28    28    29    29    30    30    30    30    30    30    30    30    30    30    30    30    30    30    30    30    30    29    29    29    29    28    28    28    28    28    28 
  415    28    29    29    30    30    31    31    31    30    30    29    29    30    30    31    30    30    30    30    30    30    29    29    29    28    28    28    28    28    28    28 
  430    28    29    29    30    30    31    31    31    30    30    29    29    30    31    31    31    30    30    30    30    29    29    28    28    28    28    28    28    28    28    28 
  445    29    29    30    30    31    31    31    31    30    30    29    30    30    31    31    31    31    30    30    30    29    29    28    28    28    28    28    27    27    28    28 
  460    29    29    30    30    31    31    31    31    31    30    30    30    30    31    31    31    30    30    30    29    29    28    28    28    27    27    27    27    27    27    28 
  475    29    29    30    31    31    31    31    31    31    30    30    30    31    31    31    31    31    30    30    29    28    28    27    27    27    27    27    27    27    27    28 
  490    29    29    30    30    31    31    32    32    31    31    31    31    31    31    31    31    30    30    29    28    28    27    27    26    26    27    27    27    27    27    28 
  505    29    29    30    30    31    31    32    32    31    31    31    31    31    31    30    30    30    29    29    28    28    27    27    27    27    27    27    27    27    27    28 
  520    29    29    29    30    30    31    31    31    31    31    31    30    30    30    30    30    29    29    28    28    28    28    27    27    27    27    27    27    27    27    28 
  535    28    29    29    29    30    30    31    31    31    31    30    30    30    30    29    29    29    29    28    28    28    28    28    27    27    28    28    28    28    28    28 
  550    28    28    28    29    29    30    30    30    30    30    30    30    29    29    29    29    29    28    28    28    28    28    28    28    28    28    28    28    28    28    28 
  565    28    27    27    28    29    30    30    30    30    30    30    29    29    29    29    29    28    28    28    28    28    28    28    28    28    28    28    28    28    28    28 
  580    27    27    27    27    28    29    29    29    29    29    29    29    29    29    29    28    28    28    28    28    28    28    28    28    28    28    28    28    28    28    28 
  595    27    26    27    27    28    29    29    29    29    29    29    29    29    29    29    28    28    28    28    28    28    28    27    27    27    27    27    27    27    28    28 
  610    27    27    27    27    27    28    28    29    29    29    29    29    29    29    29    28    28    28    28    28    28    27    27    27    27    27    27    27    27    27    28 
  625    27    27    27    27    27    27    28    29    29    29    29    29    29    29    29    29    28    28    28    27    27    27    27    26    26    27    27    27    27    27    28 
  640    26    27    27    27    27    27    28    29    29    30    30    30    29    29    29    29    28    28    28    28    27    27    27    26    26    26    27    27    27    27    27 
  655    26    26    27    26    27    27    28    29    29    30    30    30    30    29    29    29    28    28    28    27    27    27    27    26    26    26    26    27    27    27    27 
  670    27    26    26    26    26    27    28    28    29    29    29    29    29    29    29    29    28    28    28    27    27    27    27    27    26    26    26    26    27    27    27 
  685    27    26    26    26    26    27    28    28    29    29    29    29    29    29    28    28    28    28    28    27    27    27    27    27    27    26    26    26    27    27    27 
  700    26    26    26    26    26    27    27    28    28    28    29    29    29    28    28    28    28    28    27    27    27    27    27    27    27    26    26    26    26    27    27 
