:Data_list: ace_swepam_1m.txt
:Created: 2025 Dec 21 0709 UT
# Prepared by the U.S. Dept. of Commerce, NOAA, Space Weather Prediction Center
# Please send comments and suggestions to SWPC.Webmaster@noaa.gov 
# 
# Units: Proton density p/cc
# Units: Bulk speed km/s
# Units: Ion tempeture degrees K
# Status(S): 0 = nominal data, 1 to 8 = bad data record, 9 = no data
# Missing data values: Density and Speed = -9999.9, Temp. = -1.00e+05
# Source: ACE Satellite - Solar Wind Electron Proton Alpha Monitor
#
#   1-minute averaged Real-time Bulk Parameters of the Solar Wind Plasma
# 
#                Modified Seconds   -------------  Solar Wind  -----------
# UT Date   Time  Julian  of the          Proton      Bulk         Ion
# YR MO DA  HHMM    Day     Day     S    Density     Speed     Temperature
#-------------------------------------------------------------------------
2025 12 21  0509   61030   18540    0        9.2      533.5     2.61e+05
2025 12 21  0510   61030   18600    0        7.8      521.4     2.09e+05
2025 12 21  0511   61030   18660    0        7.6      518.0     1.83e+05
2025 12 21  0512   61030   18720    0        7.6      522.5     1.89e+05
2025 12 21  0513   61030   18780    0        7.6      524.0     1.91e+05
2025 12 21  0514   61030   18840    0        6.5      526.5     2.13e+05
2025 12 21  0515   61030   18900    0        5.7      534.6     1.87e+05
2025 12 21  0516   61030   18960    0        5.1      538.5     1.65e+05
2025 12 21  0517   61030   19020    0        5.0      536.2     1.64e+05
2025 12 21  0518   61030   19080    0        3.9      537.1     1.62e+05
2025 12 21  0519   61030   19140    0        4.2      536.7     1.63e+05
2025 12 21  0520   61030   19200    0        4.7      534.4     1.56e+05
2025 12 21  0521   61030   19260    0        4.3      531.4     1.31e+05
2025 12 21  0522   61030   19320    0        4.1      537.8     1.71e+05
2025 12 21  0523   61030   19380    0        4.1      537.4     1.77e+05
2025 12 21  0524   61030   19440    0        3.6      534.6     1.63e+05
2025 12 21  0525   61030   19500    0        3.6    -9999.9    -1.00e+05
2025 12 21  0526   61030   19560    0        4.8      539.3     1.38e+05
2025 12 21  0527   61030   19620    0        3.6      538.3     1.69e+05
2025 12 21  0528   61030   19680    0        4.6      536.1     1.47e+05
2025 12 21  0529   61030   19740    0       11.0      541.9     1.07e+05
2025 12 21  0530   61030   19800    0        7.2      540.3     1.40e+05
2025 12 21  0531   61030   19860    0        3.5      541.4     1.95e+05
2025 12 21  0532   61030   19920    0        3.6      540.0     2.11e+05
2025 12 21  0533   61030   19980    0        3.8      535.8     2.06e+05
2025 12 21  0534   61030   20040    0        3.8      545.7     1.98e+05
2025 12 21  0535   61030   20100    0        3.6      546.9     2.05e+05
2025 12 21  0536   61030   20160    0        3.5      548.1     2.14e+05
2025 12 21  0537   61030   20220    0        4.0      543.1     1.89e+05
2025 12 21  0538   61030   20280    0        4.0      543.7     1.81e+05
2025 12 21  0539   61030   20340    0        4.0      543.7     1.81e+05
2025 12 21  0540   61030   20400    0        4.4      542.1     1.95e+05
2025 12 21  0541   61030   20460    0        3.9      505.1     1.41e+05
2025 12 21  0542   61030   20520    0        4.2      547.9     2.05e+05
2025 12 21  0543   61030   20580    1        4.5      550.6     2.27e+05
2025 12 21  0544   61030   20640    0        4.0      573.0     2.39e+05
2025 12 21  0545   61030   20700    0        4.1      586.8     2.85e+05
2025 12 21  0546   61030   20760    0        4.3      579.3     2.66e+05
2025 12 21  0547   61030   20820    0        4.3      565.8     2.53e+05
2025 12 21  0548   61030   20880    0        4.3      563.2     2.49e+05
2025 12 21  0549   61030   20940    0        4.4      566.2     2.39e+05
2025 12 21  0550   61030   21000    0        5.0      545.4     2.06e+05
2025 12 21  0551   61030   21060    0        5.2      543.0     1.96e+05
2025 12 21  0552   61030   21120    0        5.4      538.6     1.84e+05
2025 12 21  0553   61030   21180    0        4.8      542.4     2.16e+05
2025 12 21  0554   61030   21240    0        4.9      542.3     2.18e+05
2025 12 21  0555   61030   21300    0        4.9      542.9     2.18e+05
2025 12 21  0556   61030   21360    0        4.1      545.6     2.25e+05
2025 12 21  0557   61030   21420    3    -9999.9    -9999.9    -1.00e+05
2025 12 21  0558   61030   21480    3    -9999.9    -9999.9    -1.00e+05
2025 12 21  0559   61030   21540    0        4.8      541.4     2.11e+05
2025 12 21  0600   61030   21600    0        4.3      545.8     2.43e+05
2025 12 21  0601   61030   21660    0        4.2      547.1     2.52e+05
2025 12 21  0602   61030   21720    0        5.2      546.5     2.39e+05
2025 12 21  0603   61030   21780    0        5.0      548.1     2.40e+05
2025 12 21  0604   61030   21840    0        4.8      549.9     2.35e+05
2025 12 21  0605   61030   21900    0        4.7      550.5     2.29e+05
2025 12 21  0606   61030   21960    0        5.5      554.7     1.85e+05
2025 12 21  0607   61030   22020    0        5.8      555.2     1.85e+05
2025 12 21  0608   61030   22080    0        6.2      555.8     1.98e+05
2025 12 21  0609   61030   22140    0        5.2      553.3     2.29e+05
2025 12 21  0610   61030   22200    1        5.2      550.7     2.05e+05
2025 12 21  0611   61030   22260    0        4.9      551.4     2.26e+05
2025 12 21  0612   61030   22320    1        5.0      552.3     2.26e+05
2025 12 21  0613   61030   22380    0        5.5      545.0     1.69e+05
2025 12 21  0614   61030   22440    1        5.6      547.5     2.07e+05
2025 12 21  0615   61030   22500    0        5.6      550.0     2.14e+05
2025 12 21  0616   61030   22560    0        5.1      547.8     2.27e+05
2025 12 21  0617   61030   22620    0        5.0      547.0     2.31e+05
2025 12 21  0618   61030   22680    0        5.2      557.4     2.64e+05
2025 12 21  0619   61030   22740    0        5.6      556.6     2.39e+05
2025 12 21  0620   61030   22800    0        5.5      555.4     2.29e+05
2025 12 21  0621   61030   22860    0        5.1      554.8     2.38e+05
2025 12 21  0622   61030   22920    0        5.1      550.2     2.25e+05
2025 12 21  0623   61030   22980    0        5.1      551.5     2.30e+05
2025 12 21  0624   61030   23040    0        5.0      556.4     2.43e+05
2025 12 21  0625   61030   23100    0        4.6      562.1     2.50e+05
2025 12 21  0626   61030   23160    0        5.3      555.1     2.01e+05
2025 12 21  0627   61030   23220    0        5.3      555.1     2.01e+05
2025 12 21  0628   61030   23280    0        5.3      554.1     1.88e+05
2025 12 21  0629   61030   23340    0        6.8      562.3     1.99e+05
2025 12 21  0630   61030   23400    0        5.4      552.9     1.93e+05
2025 12 21  0631   61030   23460    0        5.2      551.8     1.92e+05
2025 12 21  0632   61030   23520    0        5.3      552.5     1.94e+05
2025 12 21  0633   61030   23580    0        4.6      548.6     1.94e+05
2025 12 21  0634   61030   23640    0        4.7      552.2     2.12e+05
2025 12 21  0635   61030   23700    0        5.0      552.0     2.26e+05
2025 12 21  0636   61030   23760    0        5.0      549.8     2.32e+05
2025 12 21  0637   61030   23820    0        4.9      550.0     2.36e+05
2025 12 21  0638   61030   23880    0        5.4      561.6     2.21e+05
2025 12 21  0639   61030   23940    0        5.3      558.1     2.21e+05
2025 12 21  0640   61030   24000    0        5.0      550.8     2.25e+05
2025 12 21  0641   61030   24060    0        4.9      552.4     2.36e+05
2025 12 21  0642   61030   24120    0        4.6      546.0     1.99e+05
2025 12 21  0643   61030   24180    0        5.7      549.8     2.58e+05
2025 12 21  0644   61030   24240    0        5.9      548.7     2.40e+05
2025 12 21  0645   61030   24300    0        6.6      562.3     2.95e+05
2025 12 21  0646   61030   24360    0        5.2      554.3     3.45e+05
2025 12 21  0647   61030   24420    0        5.0      553.7     3.33e+05
2025 12 21  0648   61030   24480    1        5.0      553.6     3.19e+05
2025 12 21  0649   61030   24540    0        4.8      550.1     2.70e+05
2025 12 21  0650   61030   24600    0        4.9      548.1     3.02e+05
2025 12 21  0651   61030   24660    0        5.4      547.9     2.74e+05
2025 12 21  0652   61030   24720    0        5.6      544.7     2.18e+05
2025 12 21  0653   61030   24780    0        5.5      541.3     2.05e+05
2025 12 21  0654   61030   24840    0        5.7      544.9     1.90e+05
2025 12 21  0655   61030   24900    0        5.5      541.6     2.13e+05
2025 12 21  0656   61030   24960    0        5.0      534.5     2.74e+05
2025 12 21  0657   61030   25020    0        4.8      537.4     3.04e+05
2025 12 21  0658   61030   25080    0        5.1      543.2     3.24e+05
2025 12 21  0659   61030   25140    1        5.1      544.6     3.29e+05
2025 12 21  0700   61030   25200    0        5.2      544.3     3.10e+05
2025 12 21  0701   61030   25260    0        5.1      550.9     3.08e+05
2025 12 21  0702   61030   25320    0        4.5      559.7     2.91e+05
2025 12 21  0703   61030   25380    0        4.6      562.2     2.65e+05
2025 12 21  0704   61030   25440    0        4.6      562.6     2.61e+05
2025 12 21  0705   61030   25500    0        5.3      593.5     3.62e+05
2025 12 21  0706   61030   25560    0        5.1      586.7     3.52e+05
2025 12 21  0707   61030   25620    1        4.8      583.5     3.52e+05
