:Data_list: ace_swepam_1m.txt
:Created: 2025 Dec 23 1508 UT
# Prepared by the U.S. Dept. of Commerce, NOAA, Space Weather Prediction Center
# Please send comments and suggestions to SWPC.Webmaster@noaa.gov 
# 
# Units: Proton density p/cc
# Units: Bulk speed km/s
# Units: Ion tempeture degrees K
# Status(S): 0 = nominal data, 1 to 8 = bad data record, 9 = no data
# Missing data values: Density and Speed = -9999.9, Temp. = -1.00e+05
# Source: ACE Satellite - Solar Wind Electron Proton Alpha Monitor
#
#   1-minute averaged Real-time Bulk Parameters of the Solar Wind Plasma
# 
#                Modified Seconds   -------------  Solar Wind  -----------
# UT Date   Time  Julian  of the          Proton      Bulk         Ion
# YR MO DA  HHMM    Day     Day     S    Density     Speed     Temperature
#-------------------------------------------------------------------------
2025 12 23  1308   61032   47280    0        2.6      686.7     1.65e+05
2025 12 23  1309   61032   47340    0        1.6      701.5     3.57e+05
2025 12 23  1310   61032   47400    0        1.6      693.9     2.52e+05
2025 12 23  1311   61032   47460    0        2.5      693.4     1.87e+05
2025 12 23  1312   61032   47520    0        1.9      691.8     2.48e+05
2025 12 23  1313   61032   47580    0        1.9      684.4     2.15e+05
2025 12 23  1314   61032   47640    1        1.9      682.0     2.09e+05
2025 12 23  1315   61032   47700    0        2.2      683.0     2.12e+05
2025 12 23  1316   61032   47760    0        2.9      691.3     1.84e+05
2025 12 23  1317   61032   47820    0        2.8      691.6     1.77e+05
2025 12 23  1318   61032   47880    0        2.3      683.5     1.95e+05
2025 12 23  1319   61032   47940    0        2.5      692.5     1.72e+05
2025 12 23  1320   61032   48000    0        2.5      706.5     1.31e+05
2025 12 23  1321   61032   48060    0        2.1      694.2     1.66e+05
2025 12 23  1322   61032   48120    0        2.1      693.2     1.66e+05
2025 12 23  1323   61032   48180    0        2.6      685.1     1.64e+05
2025 12 23  1324   61032   48240    0        2.3      699.0     1.42e+05
2025 12 23  1325   61032   48300    0        2.5      686.9     1.81e+05
2025 12 23  1326   61032   48360    0        1.6      691.5     2.37e+05
2025 12 23  1327   61032   48420    0        1.8      691.8     2.17e+05
2025 12 23  1328   61032   48480    0        1.6      696.2     2.19e+05
2025 12 23  1329   61032   48540    1        1.6      689.4     2.47e+05
2025 12 23  1330   61032   48600    0        1.6      684.1     2.37e+05
2025 12 23  1331   61032   48660    0        1.6      683.7     2.44e+05
2025 12 23  1332   61032   48720    0        1.6      684.2     2.50e+05
2025 12 23  1333   61032   48780    0        1.8      686.1     2.49e+05
2025 12 23  1334   61032   48840    0        1.7      688.9     2.59e+05
2025 12 23  1335   61032   48900    0        1.5      691.0     2.74e+05
2025 12 23  1336   61032   48960    0        1.4      694.5     3.04e+05
2025 12 23  1337   61032   49020    0        1.6      690.0     2.41e+05
2025 12 23  1338   61032   49080    0        1.6      690.0     2.41e+05
2025 12 23  1339   61032   49140    3    -9999.9    -9999.9    -1.00e+05
2025 12 23  1340   61032   49200    9    -9999.9    -9999.9    -1.00e+05
2025 12 23  1341   61032   49260    0        2.8      683.4     1.89e+05
2025 12 23  1342   61032   49320    0        2.6      688.7     1.84e+05
2025 12 23  1343   61032   49380    0        1.7      688.5     2.57e+05
2025 12 23  1344   61032   49440    0        3.0      696.8     2.39e+05
2025 12 23  1345   61032   49500    0        2.7      703.1     1.72e+05
2025 12 23  1346   61032   49560    0        2.2      704.2     1.47e+05
2025 12 23  1347   61032   49620    0        2.4      698.8     1.59e+05
2025 12 23  1348   61032   49680    0        2.6      701.8     1.70e+05
2025 12 23  1349   61032   49740    0        2.2      701.5     1.85e+05
2025 12 23  1350   61032   49800    0        1.7      691.5     1.97e+05
2025 12 23  1351   61032   49860    0        2.0      689.0     1.81e+05
2025 12 23  1352   61032   49920    0        2.6      685.4     1.68e+05
2025 12 23  1353   61032   49980    0        2.6      684.3     1.75e+05
2025 12 23  1354   61032   50040    0        2.7      684.2     1.76e+05
2025 12 23  1355   61032   50100    0        2.6      689.1     1.77e+05
2025 12 23  1356   61032   50160    0        2.6      689.8     1.55e+05
2025 12 23  1357   61032   50220    0        2.8      689.5     1.69e+05
2025 12 23  1358   61032   50280    0        3.0      692.5     1.88e+05
2025 12 23  1359   61032   50340    0        2.7      683.8     1.90e+05
2025 12 23  1400   61032   50400    0        2.6      680.4     1.63e+05
2025 12 23  1401   61032   50460    0        3.1      698.4     2.24e+05
2025 12 23  1402   61032   50520    0        3.4      706.3     2.53e+05
2025 12 23  1403   61032   50580    9    -9999.9    -9999.9    -1.00e+05
2025 12 23  1404   61032   50640    9    -9999.9    -9999.9    -1.00e+05
2025 12 23  1405   61032   50700    9    -9999.9    -9999.9    -1.00e+05
2025 12 23  1406   61032   50760    9    -9999.9    -9999.9    -1.00e+05
2025 12 23  1407   61032   50820    0        2.7      698.3     1.69e+05
2025 12 23  1408   61032   50880    0        2.7      698.3     1.69e+05
2025 12 23  1409   61032   50940    9    -9999.9    -9999.9    -1.00e+05
2025 12 23  1410   61032   51000    9    -9999.9    -9999.9    -1.00e+05
2025 12 23  1411   61032   51060    3    -9999.9    -9999.9    -1.00e+05
2025 12 23  1412   61032   51120    3    -9999.9    -9999.9    -1.00e+05
2025 12 23  1413   61032   51180    3    -9999.9    -9999.9    -1.00e+05
2025 12 23  1414   61032   51240    0        1.6      680.0     3.69e+05
2025 12 23  1415   61032   51300    0        1.8      682.0     2.09e+05
2025 12 23  1416   61032   51360    0        2.4      681.4     1.53e+05
2025 12 23  1417   61032   51420    0        2.6      681.1     1.46e+05
2025 12 23  1418   61032   51480    9    -9999.9    -9999.9    -1.00e+05
2025 12 23  1419   61032   51540    0        2.8      719.9     4.69e+05
2025 12 23  1420   61032   51600    0        2.7      691.6     4.45e+05
2025 12 23  1421   61032   51660    1        2.6      663.3     4.22e+05
2025 12 23  1422   61032   51720    1        1.7      681.1     1.24e+05
2025 12 23  1423   61032   51780    1        1.7      681.1     1.24e+05
2025 12 23  1424   61032   51840    9    -9999.9    -9999.9    -1.00e+05
2025 12 23  1425   61032   51900    1        1.8      684.0     3.49e+05
2025 12 23  1426   61032   51960    1        1.8      684.0     3.49e+05
2025 12 23  1427   61032   52020    1        2.2    -9999.9    -1.00e+05
2025 12 23  1428   61032   52080    1        2.2      687.7     2.89e+05
2025 12 23  1429   61032   52140    1        2.2    -9999.9    -1.00e+05
2025 12 23  1430   61032   52200    9    -9999.9    -9999.9    -1.00e+05
2025 12 23  1431   61032   52260    9    -9999.9    -9999.9    -1.00e+05
2025 12 23  1432   61032   52320    9    -9999.9    -9999.9    -1.00e+05
2025 12 23  1433   61032   52380    0        2.6      694.3     1.58e+05
2025 12 23  1434   61032   52440    1        1.9      691.3     2.04e+05
2025 12 23  1435   61032   52500    0        1.4      701.2     2.22e+05
2025 12 23  1436   61032   52560    0        1.4      710.0     2.15e+05
2025 12 23  1437   61032   52620    9    -9999.9    -9999.9    -1.00e+05
2025 12 23  1438   61032   52680    9    -9999.9    -9999.9    -1.00e+05
2025 12 23  1439   61032   52740    1        1.5      679.7     2.36e+05
2025 12 23  1440   61032   52800    1        1.5      679.7     2.36e+05
2025 12 23  1441   61032   52860    9    -9999.9    -9999.9    -1.00e+05
2025 12 23  1442   61032   52920    0        1.8      674.8     1.64e+05
2025 12 23  1443   61032   52980    0        1.8      674.8     1.64e+05
2025 12 23  1444   61032   53040    9    -9999.9    -9999.9    -1.00e+05
2025 12 23  1445   61032   53100    3    -9999.9    -9999.9    -1.00e+05
2025 12 23  1446   61032   53160    3    -9999.9    -9999.9    -1.00e+05
2025 12 23  1447   61032   53220    0        1.8      676.2     1.76e+05
2025 12 23  1448   61032   53280    0        1.8      676.2     1.76e+05
2025 12 23  1449   61032   53340    0        2.1      710.8     3.35e+05
2025 12 23  1450   61032   53400    0        2.1      710.8     3.35e+05
2025 12 23  1451   61032   53460    9    -9999.9    -9999.9    -1.00e+05
2025 12 23  1452   61032   53520    1        2.4      725.7     3.32e+05
2025 12 23  1453   61032   53580    1        2.4      725.7     3.32e+05
2025 12 23  1454   61032   53640    0        1.8      710.0     2.12e+05
2025 12 23  1455   61032   53700    0        1.8      707.8     2.11e+05
2025 12 23  1456   61032   53760    0        1.6      696.5     1.92e+05
2025 12 23  1457   61032   53820    0        1.3      676.1     1.38e+05
2025 12 23  1458   61032   53880    0        1.6      683.2     1.73e+05
2025 12 23  1459   61032   53940    0        1.6      683.2     1.73e+05
2025 12 23  1500   61032   54000    9    -9999.9    -9999.9    -1.00e+05
2025 12 23  1501   61032   54060    9    -9999.9    -9999.9    -1.00e+05
2025 12 23  1502   61032   54120    9    -9999.9    -9999.9    -1.00e+05
2025 12 23  1503   61032   54180    0        2.6      680.2     1.26e+05
2025 12 23  1504   61032   54240    0        2.6      680.2     1.26e+05
2025 12 23  1505   61032   54300    9    -9999.9    -9999.9    -1.00e+05
2025 12 23  1506   61032   54360    1        2.2      679.9     1.51e+05
