:Product: Daily Solar Data            DSD.txt
:Issued: 2025 UT 28 Dec 2025
#
#  Prepared by the U.S. Dept. of Commerce, NOAA, Space Weather Prediction Center
#  Please send comments and suggestions to SWPC.Webmaster@noaa.gov
#
#                Last 30 Days Daily Solar Data
#
#                         Sunspot       Stanford GOES15
#           Radio  SESC     Area          Solar  X-Ray  ------ Flares ------
#           Flux  Sunspot  10E-6   New     Mean  Bkgd    X-Ray      Optical
#  Date     10.7cm Number  Hemis. Regions Field  Flux   C  M  X  S  1  2  3
#--------------------------------------------------------------------------- 
2025 11 28  138     87      460      1    -999      *  15  2  0  1  0  0  0
2025 11 29  160     74     1080      0    -999      *   6  5  0  3  1  0  0
2025 11 30  180    108     1880      2    -999      *  14  0  0  3  0  0  0
2025 12 01  196    175     2500      3    -999      *   7  0  1  5  1  0  0
2025 12 02  200    177     2535      1    -999      *   9  0  0  3  0  0  0
2025 12 03  209    227     2475      1    -999      *   9  0  0  2  0  0  0
2025 12 04  220    165     2420      0    -999      *   7  1  0  6  1  0  0
2025 12 05  206    133     2100      1    -999      *  13  0  0 12  0  0  0
2025 12 06  200    129     1940      0    -999      *  10  2  0  7  2  1  0
2025 12 07  194    133     1870      1    -999      *  18  1  0 14  0  0  0
2025 12 08  186    146     1550      1    -999      *  12  4  1 16  2  2  0
2025 12 09  183    134     1410      1    -999      *   9  5  0 11  2  0  0
2025 12 10  168    134     1450      0    -999      *  15  5  0 15  2  1  0
2025 12 11  146    123     1500      2    -999      *  12  0  0  2  0  0  0
2025 12 12  135    124     1490      1    -999      *   7  2  0  1  0  0  0
2025 12 13  122     76      590      0    -999      *   9  0  0  0  0  0  0
2025 12 14  119     78      230      1    -999      *   6  0  0  1  0  0  0
2025 12 15  118     73      230      1    -999      *   7  0  0  1  0  0  0
2025 12 16  117     81      220      1    -999      *   4  0  0  0  0  0  0
2025 12 17  119     68      270      0    -999      *   3  0  0  1  0  0  0
2025 12 18  116     87      350      2    -999      *   3  0  0  1  0  0  0
2025 12 19  118     33       60      0    -999      *   6  1  0  0  0  0  0
2025 12 20  120     74      160      4    -999      *   9  1  0  2  0  0  0
2025 12 21  124     85      240      0    -999      *  13  1  0  8  0  0  0
2025 12 22  133     80      480      2    -999      *   5  0  0  0  1  0  0
2025 12 23  142    106      480      1    -999      *   5  0  0  0  0  0  0
2025 12 24  134    103      410      1    -999      *   2  0  0  0  0  0  0
2025 12 25  163    113      550      1    -999      *   3  0  0  1  0  0  0
2025 12 26  166    131      740      2    -999      *   7  0  0  2  0  0  0
2025 12 27  178    130      950      1    -999      *  10  1  0  2  0  0  0
