:Product: 202310311545_ERR.txt 
:Created: 2023 Oct 31 1611 UTC
# North America Total Electron Content (NATEC), Operational Version 2.0
# Prepared by the U.S. Dept. of Commerce, NOAA, Space Weather Prediction Center.
#
# Units: TEC: TECU (10^16 electrons/m^2) x 10
#        Longitude, Latitude: degrees x 10
# Source: Kalman filter data assimilation model using ground-based GPS data from NGS, CORS, RTIGS, GPS/MET
# Missing data: n/a
# End record identifier: End of file
# Time Range: 2023 Oct 31 1545 - 1600 UTC
# Cadence: 15 minutes
# URL: http://www.swpc.noaa.gov/products/us-total-electron-content
#
# See _______________ for format explanation.
#
#                   Total Electron Content uncertainty
#-------------------------------------------------------------------------
   70 -1920 -1880 -1840 -1800 -1760 -1720 -1680 -1640 -1600 -1560 -1520 -1480 -1440 -1400 -1360 -1320 -1280 -1240 -1200 -1160 -1120 -1080 -1040 -1000  -960  -920  -880  -840  -800  -760  -720  -680  -640  -600  -560  -520  -480  -440  -400  -360 
   10    29    28    27    27    27    27    27    27    27    27    27    27    27    27    27    27    27    27    27    27    27    28    29    29    30    31    31    32    32    32    32    31    30    29    28    28    28    29    29    30 
   25    28    27    27    27    26    26    26    26    26    26    26    27    27    27    27    27    26    26    26    26    27    27    28    29    30    30    32    32    33    33    32    31    29    28    28    28    28    28    28    29 
   40    28    27    26    26    26    26    26    26    26    26    26    26    26    26    26    26    26    26    26    26    27    27    28    29    29    31    32    33    32    30    30    30    30    29    28    28    28    28    28    29 
   55    27    27    26    26    26    26    26    26    26    26    26    26    26    26    26    26    26    26    26    26    27    27    28    29    30    32    34    35    34    32    32    33    33    31    30    29    28    28    28    29 
   70    27    26    26    26    26    26    26    26    26    26    26    26    26    26    26    26    26    26    26    26    27    28    28    30    31    33    35    35    33    31    32    33    34    33    31    30    29    29    29    29 
   85    27    26    26    26    26    26    26    26    26    26    26    26    26    26    26    26    26    25    26    26    27    28    29    30    31    34    35    35    35    33    33    32    32    31    31    30    29    29    29    30 
  100    27    26    26    26    26    26    26    26    26    26    26    26    26    26    26    26    26    26    25    26    27    28    29    30    32    33    34    34    33    31    30    30    31    31    31    30    30    29    29    30 
  115    27    26    26    26    26    26    26    26    26    26    26    26    26    26    26    26    26    25    25    26    27    28    30    31    32    32    32    31    31    31    31    31    32    32    32    31    30    30    30    30 
  130    27    26    26    26    26    26    26    26    26    26    26    26    26    26    26    26    26    25    25    26    27    27    27    28    28    29    29    29    30    29    29    29    30    31    31    31    31    30    30    30 
  145    27    26    26    26    26    26    26    26    26    26    26    26    26    26    26    26    26    25    26    26    27    28    28    29    29    30    30    30    30    30    29    29    29    32    33    33    32    31    30    30 
  160    27    26    26    26    26    26    26    26    26    26    26    26    26    26    26    26    25    25    26    26    27    27    27    27    28    28    29    29    29    28    27    27    27    29    29    29    29    29    29    30 
  175    27    26    26    26    26    26    26    26    26    26    26    26    26    26    26    26    25    25    26    28    28    28    27    28    29    30    30    30    30    28    27    27    27    26    26    27    28    28    29    30 
  190    27    26    26    26    26    26    26    26    26    26    26    26    26    26    26    25    25    25    25    26    28    28    27    28    29    29    30    31    31    30    29    28    26    27    28    27    26    28    29    29 
  205    27    27    26    26    26    26    26    26    26    26    26    26    26    26    25    25    25    25    25    25    28    30    29    27    26    25    26    28    29    28    26    25    26    26    26    26    27    28    28    29 
  220    27    27    26    26    26    26    26    26    26    26    26    26    26    26    25    25    26    26    26    26    25    25    26    27    26    26    28    29    29    29    27    25    25    25    27    27    26    26    28    29 
  235    27    27    26    26    26    26    26    26    26    26    26    26    26    26    25    25    26    26    26    27    27    27    28    29    28    27    27    28    28    28    26    25    25    26    26    27    27    26    27    29 
  250    27    27    26    26    26    26    26    26    26    26    26    26    26    26    25    25    25    25    26    27    28    27    27    28    28    28    27    27    27    26    25    26    27    27    26    26    27    28    28    28 
  265    27    27    26    26    26    26    26    26    26    26    26    26    26    26    25    25    25    25    26    27    27    26    26    27    27    27    27    27    27    27    25    26    26    26    26    27    27    27    27    28 
  280    27    27    26    26    26    26    26    26    26    26    26    26    26    25    25    25    25    25    27    27    26    26    27    26    25    25    25    26    26    26    25    26    26    26    26    26    26    27    27    28 
  295    27    27    26    26    26    26    26    26    26    26    26    26    26    25    25    25    25    25    25    25    26    27    27    25    25    25    25    25    27    27    26    25    25    25    25    26    26    27    27    28 
  310    27    27    26    26    26    26    26    26    26    26    26    26    26    25    25    25    24    24    24    24    24    25    25    25    25    25    25    25    26    27    26    25    25    25    26    27    27    27    28    29 
  325    27    27    26    26    26    26    26    26    26    26    26    25    25    25    25    25    25    25    23    23    25    25    25    24    24    24    25    25    26    26    26    26    26    27    28    28    28    28    28    29 
  340    27    27    26    26    26    26    26    26    26    26    26    25    25    25    26    25    24    23    23    23    24    25    25    24    24    24    25    26    25    25    25    26    26    26    26    26    26    27    28    29 
  355    27    27    26    26    26    26    26    26    26    26    26    26    25    25    25    25    24    23    23    24    24    24    23    24    25    25    24    25    25    25    25    25    25    26    26    27    27    28    28    29 
  370    27    27    26    26    26    26    26    26    26    27    27    26    26    25    24    24    24    23    23    23    23    23    23    23    25    25    24    25    25    25    25    25    26    26    26    27    27    27    27    28 
  385    27    27    26    26    26    26    26    26    27    27    27    27    26    26    25    25    25    24    23    23    23    23    23    23    25    24    24    25    25    26    26    26    26    26    26    26    26    26    27    28 
  400    27    27    26    26    26    26    26    27    27    27    27    27    26    26    26    25    25    24    24    23    23    22    23    23    24    24    24    25    25    26    26    26    26    26    26    26    26    26    27    28 
  415    27    27    26    26    26    26    26    26    27    27    27    27    27    26    26    25    25    24    24    23    23    23    23    23    24    24    24    25    26    26    26    26    26    26    25    25    26    26    27    28 
  430    27    27    26    26    26    26    26    26    26    26    26    26    26    26    26    26    25    24    24    23    22    23    23    24    24    24    24    24    25    25    26    27    27    27    26    26    26    26    27    28 
  445    27    27    26    26    26    26    26    26    26    27    27    26    26    27    27    26    25    25    24    24    23    23    24    25    24    25    26    25    25    25    25    25    26    27    27    27    26    26    27    28 
  460    27    27    26    26    26    26    26    26    27    27    27    27    27    27    27    26    25    24    24    24    23    23    23    23    23    25    26    27    27    26    25    25    26    26    26    26    26    26    27    28 
  475    27    27    26    26    26    26    26    26    27    27    27    27    26    26    27    27    26    25    24    24    24    24    24    25    24    24    25    25    24    25    25    25    25    25    25    25    25    26    27    28 
  490    28    27    26    26    26    26    26    26    27    27    27    26    26    26    26    26    26    25    25    24    24    24    24    24    25    25    26    25    25    25    25    25    25    25    25    25    26    26    27    28 
  505    28    27    26    26    26    26    26    27    27    26    26    26    26    26    26    26    26    26    25    25    24    25    25    25    24    24    25    25    26    25    25    26    26    26    26    26    26    26    27    28 
  520    27    27    26    26    26    26    27    27    27    26    26    26    26    26    26    26    27    26    26    25    25    25    25    25    24    24    25    25    26    26    25    26    26    26    26    26    26    27    27    28 
  535    27    27    26    26    26    26    27    27    27    26    26    26    26    26    26    27    27    27    26    26    26    26    26    25    24    24    24    25    25    26    25    25    26    25    26    26    27    27    27    28 
  550    27    27    26    26    26    26    27    27    27    26    26    26    26    27    27    27    27    27    26    26    25    25    25    26    25    25    25    26    26    26    26    26    26    26    26    26    27    27    27    28 
  565    27    27    26    26    26    26    26    26    26    26    26    26    26    26    27    27    27    27    26    25    25    25    25    25    25    24    26    27    27    26    26    26    26    26    26    26    26    27    28    29 
  580    27    26    26    26    26    26    26    26    26    26    26    26    26    26    26    27    27    27    26    25    25    24    24    24    24    24    24    25    25    25    25    25    25    25    25    26    26    27    28    29 
  595    27    26    26    26    26    26    26    25    25    25    25    24    24    25    25    26    26    26    27    27    27    26    25    24    25    25    25    25    25    25    25    25    25    25    26    26    26    27    28    29 
  610    27    26    26    25    25    25    25    25    25    24    24    24    24    25    25    26    26    27    26    26    25    25    25    25    25    25    25    25    24    25    25    25    26    27    26    26    27    27    28    29 
  625    27    26    26    25    25    25    25    25    25    25    25    25    24    25    26    27    27    27    26    26    25    25    25    25    25    25    25    25    25    25    26    26    27    26    26    27    27    27    27    28 
  640    27    26    25    25    25    25    25    26    26    26    25    25    25    25    26    26    27    27    26    26    26    25    25    25    25    25    25    25    25    25    26    26    25    26    26    26    26    27    27    28 
  655    27    26    26    25    26    26    25    25    26    26    25    25    26    26    26    26    25    25    26    26    26    25    25    24    25    25    25    25    25    25    26    26    26    26    26    26    26    26    27    28 
  670    27    26    26    26    26    26    26    25    25    25    25    25    26    26    26    26    25    26    26    27    27    27    27    26    26    26    25    25    25    26    26    26    26    26    26    26    26    26    27    28 
  685    27    26    26    26    26    26    26    26    25    25    25    25    26    26    26    25    25    25    26    27    27    27    27    26    26    25    26    26    26    27    27    26    26    26    26    26    26    26    27    27 
  700    27    26    26    26    26    26    26    26    26    26    26    25    25    25    25    25    25    25    26    26    26    26    26    26    26    27    27    27    28    27    27    27    26    26    26    26    26    26    26    27 
  715    27    26    26    26    26    26    26    26    26    26    26    26    26    26    25    25    26    26    26    26    26    26    26    26    26    27    27    27    27    27    27    26    26    26    26    26    26    26    26    27 
  730    27    26    26    26    26    26    26    26    26    26    26    26    26    26    25    25    25    26    26    27    27    27    27    27    27    27    27    27    27    27    27    26    26    26    26    26    26    26    26    27 
  745    27    27    26    26    26    26    26    26    26    27    26    26    26    26    26    26    26    26    26    26    26    26    27    27    27    27    27    27    27    27    26    26    26    26    26    26    26    26    26    27 
  760    27    27    26    26    26    26    26    26    26    27    27    26    26    26    26    26    26    26    26    26    26    26    26    27    27    27    27    27    27    26    26    26    26    26    26    26    26    26    26    27 
  775    27    27    26    26    26    26    26    26    26    26    27    27    27    26    26    26    26    26    26    26    26    26    26    26    26    26    26    26    26    26    26    26    26    26    26    26    26    26    27    27 
  790    28    27    26    26    26    26    26    26    26    27    27    27    27    27    27    27    26    26    26    26    26    26    26    26    26    26    26    26    26    26    26    26    26    26    26    26    26    26    27    28 
  805    28    27    27    27    27    27    27    27    27    27    27    27    27    27    27    27    27    27    27    27    27    27    27    27    27    27    27    27    26    26    26    26    26    26    26    26    27    27    27    28 
  820    29    28    28    27    27    27    27    27    27    27    28    28    28    28    28    28    28    28    27    27    28    27    27    27    27    27    27    27    27    27    27    27    27    27    27    27    27    28    28    29 
