:Data_list: ace_epam_5m.txt
:Created: 2025 Dec 28 1906 UT
# Prepared by the U.S. Dept. of Commerce, NOAA, Space Weather Prediction Center
# Please send comments and suggestions to SWPC.Webmaster@noaa.gov 
# 
# Units: Differential Flux particles/cm2-s-ster-MeV
# Units: Anisotropy Index 0.0 - 2.0
# Status(S): 0 = nominal, 4,6,7,8 = bad data, unable to process, 9 = no data
# Missing data values: -1.00e+05, index = -1.00
# Source: ACE Satellite - Electron, Proton, and Alpha Monitor
#
#
#                      5-minute averaged Real-time Differential Electron and Proton Flux 
# 
#                Modified Seconds ---------------------------- Differential Flux ---------------------------
# UT Date   Time  Julian  of the  ----- Electron -----   ------------------- Protons keV -------------------   Anis.
# YR MO DA  HHMM    Day    Day    S    38-53   175-315   S    47-68   115-195   310-580   795-1193 1060-1900   Index
#-------------------------------------------------------------------------------------------------------------------
2025 12 28  1705   61037   61500  0  2.74e+03  1.07e+01  0  7.91e+03  9.37e+00  9.30e-01  3.07e-01  8.47e-02  -1.00
2025 12 28  1710   61037   61800  0  3.00e+03  1.22e+01  0  7.94e+03  9.93e+00  1.05e+00  6.48e-01  1.04e+00  -1.00
2025 12 28  1715   61037   62100  0  2.49e+03  1.44e+01  0  7.99e+03  1.23e+01  1.23e+00  4.47e-01  6.16e-01  -1.00
2025 12 28  1720   61037   62400  0  2.50e+03  9.50e+00  0  7.57e+03  8.92e+00  1.43e+00  3.19e-01  1.28e-01  -1.00
2025 12 28  1725   61037   62700  0  3.27e+03  6.44e+00  0  8.03e+03  1.16e+01  1.32e+00  2.63e-01  1.11e-01  -1.00
2025 12 28  1730   61037   63000  0  2.70e+03  1.19e+01  0  8.05e+03  8.69e+00  1.25e+00  2.65e-01  1.69e-01  -1.00
2025 12 28  1735   61037   63300  0  2.78e+03  1.02e+01  0  8.11e+03  1.04e+01  8.60e-01  6.26e-01  1.06e-01  -1.00
2025 12 28  1740   61037   63600  0  3.08e+03  1.03e+01  0  8.09e+03  7.77e+00  1.15e+00  3.03e-01  1.41e-01  -1.00
2025 12 28  1745   61037   63900  0  2.87e+03  1.25e+01  0  8.13e+03  8.16e+00  1.03e+00  3.45e-01  7.15e-02  -1.00
2025 12 28  1750   61037   64200  0  2.70e+03  1.19e+01  0  8.05e+03  7.78e+00  1.27e+00  4.61e-01  1.09e-01  -1.00
2025 12 28  1755   61037   64500  0  3.31e+03  1.01e+01  0  7.55e+03  8.11e+00  1.06e+00  7.86e-01  4.59e-01  -1.00
2025 12 28  1800   61037   64800  0  3.26e+03  1.44e+01  0  8.39e+03  1.08e+01  1.06e+00  1.33e-01  1.05e-01  -1.00
2025 12 28  1805   61037   65100  0  2.45e+03  7.01e+00  0  8.12e+03  8.41e+00  1.28e+00  3.63e-01  3.91e-02  -1.00
2025 12 28  1810   61037   65400  0  2.61e+03  8.23e+00  0  7.63e+03  5.87e+00  1.13e+00  4.03e-01  7.63e-02  -1.00
2025 12 28  1815   61037   65700  0  2.97e+03  8.50e+00  0  8.18e+03  7.44e+00  1.85e+00  5.00e-01  2.17e-02  -1.00
2025 12 28  1820   61037   66000  0  2.49e+03  4.39e+00  0  7.85e+03  1.27e+01  1.47e+00  4.92e-01  4.55e-02  -1.00
2025 12 28  1825   61037   66300  0  2.48e+03  8.11e+00  0  8.09e+03  8.36e+00  1.35e+00  1.33e-01  5.96e-01  -1.00
2025 12 28  1830   61037   66600  0  2.76e+03  1.01e+01  0  7.68e+03  8.09e+00  9.36e-01  4.29e-01  1.02e-01  -1.00
2025 12 28  1835   61037   66900  0  2.80e+03  9.69e+00  0  8.27e+03  9.30e+00  1.35e+00  2.74e-01  5.96e-02  -1.00
2025 12 28  1840   61037   67200  0  2.78e+03  1.28e+01  0  8.20e+03  9.49e+00  1.07e+00  5.09e-01  9.59e-02  -1.00
2025 12 28  1845   61037   67500  0  2.37e+03  1.05e+01  0  7.59e+03  1.30e+01  1.11e+00  2.11e-01  1.42e-01  -1.00
2025 12 28  1850   61037   67800  0  2.95e+03  8.79e+00  0  8.31e+03  1.00e+01  9.90e-01  1.77e-01  1.07e-01  -1.00
2025 12 28  1855   61037   68100  0  2.66e+03  6.22e+00  0  8.40e+03  1.04e+01  1.35e+00  1.66e+00  8.61e-02  -1.00
2025 12 28  1900   61037   68400  0  2.45e+03  9.51e+00  0  8.17e+03  1.04e+01  1.67e+00  4.15e-01  5.17e-02  -1.00
