:Data_list: ace_epam_5m.txt
:Created: 2025 Dec 26 1006 UT
# Prepared by the U.S. Dept. of Commerce, NOAA, Space Weather Prediction Center
# Please send comments and suggestions to SWPC.Webmaster@noaa.gov 
# 
# Units: Differential Flux particles/cm2-s-ster-MeV
# Units: Anisotropy Index 0.0 - 2.0
# Status(S): 0 = nominal, 4,6,7,8 = bad data, unable to process, 9 = no data
# Missing data values: -1.00e+05, index = -1.00
# Source: ACE Satellite - Electron, Proton, and Alpha Monitor
#
#
#                      5-minute averaged Real-time Differential Electron and Proton Flux 
# 
#                Modified Seconds ---------------------------- Differential Flux ---------------------------
# UT Date   Time  Julian  of the  ----- Electron -----   ------------------- Protons keV -------------------   Anis.
# YR MO DA  HHMM    Day    Day    S    38-53   175-315   S    47-68   115-195   310-580   795-1193 1060-1900   Index
#-------------------------------------------------------------------------------------------------------------------
2025 12 26  0805   61035   29100 -1 -1.00e+05 -1.00e+05 -1 -1.00e+05 -1.00e+05 -1.00e+05 -1.00e+05 -1.00e+05  -1.00
2025 12 26  0810   61035   29400  0  2.44e+03  1.70e+01  0  7.57e+03  9.13e+00  6.61e-01  1.14e-01  1.16e-01  -1.00
2025 12 26  0815   61035   29700  0  3.61e+03  1.15e+01  0  8.40e+03  8.76e+00  1.21e+00  2.86e-01  1.34e-01  -1.00
2025 12 26  0820   61035   30000  0  2.78e+03  7.45e+00  0  8.56e+03  6.49e+00  1.19e+00  1.60e-01  4.98e-02  -1.00
2025 12 26  0825   61035   30300  0  2.55e+03  9.69e+00  0  8.16e+03  7.47e+00  1.29e+00  1.76e-01  2.98e-02  -1.00
2025 12 26  0830   61035   30600  0  2.68e+03  1.28e+01  0  7.85e+03  6.66e+00  1.43e+00  2.99e-01  3.57e-02  -1.00
2025 12 26  0835   61035   30900  0  2.62e+03  1.02e+01  0  7.96e+03  7.49e+00  1.92e+00  2.61e-01  5.05e-02  -1.00
2025 12 26  0840   61035   31200  0  2.75e+03  9.70e+00  0  7.77e+03  7.60e+00  1.86e+00  1.87e-01  2.24e-02  -1.00
2025 12 26  0845   61035   31500  0  2.73e+03  1.28e+01  0  7.65e+03  6.44e+00  9.66e-01  4.05e-01  0.00e+00  -1.00
2025 12 26  0850   61035   31800  0  3.04e+03  1.52e+01  0  7.84e+03  6.88e+00  1.83e+00  9.53e-02  1.97e-01  -1.00
2025 12 26  0855   61035   32100  0  2.63e+03  1.63e+01  0  7.84e+03  8.59e+00  1.00e+00  1.20e-01  1.17e-01  -1.00
2025 12 26  0900   61035   32400  0  2.61e+03  1.31e+01  0  7.69e+03  7.99e+00  1.12e+00  4.38e-01  1.08e-01  -1.00
2025 12 26  0905   61035   32700  0  3.00e+03  1.35e+01  0  8.13e+03  7.79e+00  1.11e+00  3.34e-01  3.31e-02  -1.00
2025 12 26  0910   61035   33000  0  2.75e+03  1.02e+01  0  1.09e+04  2.20e+01  6.70e-01  2.14e-01  8.06e-02  -1.00
2025 12 26  0915   61035   33300  0  2.35e+03  9.26e+00  0  9.60e+03  2.44e+01  8.75e-01  3.83e-01  4.14e-02  -1.00
2025 12 26  0920   61035   33600  0  3.05e+03  6.14e+00  0  8.04e+03  8.59e+00  1.08e+00  2.12e-01  7.15e-02  -1.00
2025 12 26  0925   61035   33900  0  2.91e+03  9.96e+00  0  8.65e+03  7.54e+00  1.07e+00  1.65e-01  3.52e-02  -1.00
2025 12 26  0930   61035   34200  0  2.45e+03  1.01e+01  0  8.67e+03  7.85e+00  1.40e+00  3.22e-01  1.01e-01  -1.00
2025 12 26  0935   61035   34500  0  2.46e+03  1.23e+01  0  7.66e+03  5.84e+00  6.60e-01  1.28e-01  5.90e-02  -1.00
2025 12 26  0940   61035   34800  0  2.78e+03  1.13e+01  0  8.12e+03  7.53e+00  1.04e+00  4.58e-02  8.48e-02  -1.00
2025 12 26  0945   61035   35100  0  2.86e+03  1.27e+01  0  7.86e+03  6.87e+00  1.09e+00  2.41e-01  3.33e-02  -1.00
2025 12 26  0950   61035   35400  0  2.38e+03  8.50e+00  0  7.88e+03  1.24e+01  9.24e-01  1.83e-01  3.09e-02  -1.00
2025 12 26  0955   61035   35700  0  3.57e+03  8.50e+00  0  8.34e+03  7.65e+00  8.52e-02  7.74e-01  1.43e-01  -1.00
2025 12 26  1000   61035   36000  0  2.55e+03  9.23e+00  0  7.91e+03  9.16e+00  9.57e-01  4.31e-01  6.73e-02  -1.00
