:Product: 202310311545_COE.txt 
:Created: 2023 Oct 31 1611 UTC
# North America Total Electron Content (NATEC), Operational Version 2.0
# Prepared by the U.S. Dept. of Commerce, NOAA, Space Weather Prediction Center.
#
# Units: TEC: TECU (10^16 electrons/m^2) x 10
#        Longitude, Latitude: degrees x 10
# Source: Kalman filter data assimilation model using ground-based GPS data from NGS, CORS, RTIGS, GPS/MET
# Missing data: n/a
# End record identifier: End of file
# Time Range: 2023 Oct 31 1545 - 1600 UTC
# Cadence: 15 minutes
# URL: http://www.swpc.noaa.gov/products/us-total-electron-content
#
# See ________ for format explanation.
#
#                       Coefficients
#-------------------------------------------------------------------------
 55  40    1.0 -192.0   1.5    4.0
    5.847231    5.845355    5.841911    5.836228    5.827828    5.816362    5.801501    5.782956    5.760533    5.734199    5.704143    5.670848    5.633898    5.601530    5.570814    5.555587    5.552884    5.571184    5.628554    5.739521    5.960589    6.247521    6.552756    6.867942    7.239375    7.640898    8.032456    8.370120    8.586164    8.636782    8.509498    8.262848    7.987507    7.703393    7.443833    7.225764    7.048902    6.892497    6.779603    6.712256
    5.846108    5.844099    5.840412    5.834325    5.825330    5.813060    5.797179    5.777409    5.753599    5.725798    5.694334    5.659888    5.622311    5.590508    5.560497    5.546103    5.546570    5.568267    5.627754    5.742706    5.977922    6.282563    6.606707    6.943513    7.352238    7.825099    8.311920    8.725762    8.964818    9.009171    8.876040    8.613424    8.296026    7.949400    7.627987    7.361220    7.150445    6.971206    6.844200    6.761785
    5.844270    5.842046    5.837961    5.831217    5.821254    5.807675    5.790133    5.768368    5.742288    5.712065    5.678214    5.641673    5.602695    5.571123    5.542531    5.532905    5.549311    5.610983    5.726103    5.868393    6.083590    6.340011    6.650766    7.022269    7.499715    8.089286    8.677331    9.026385    9.003305    8.860879    8.839650    8.826533    8.647369    8.284931    7.888068    7.546726    7.283503    7.072151    6.922967    6.829416
    5.841420    5.838864    5.834168    5.826414    5.814963    5.799372    5.779278    5.754445    5.724873    5.690911    5.653348    5.613478    5.572126    5.539235    5.510468    5.501888    5.527825    5.601836    5.734084    5.893253    6.122429    6.404432    6.749869    7.156502    7.742908    8.612160    9.555746   10.063402    9.975783    9.803754    9.885367    9.923741    9.623389    9.030956    8.402365    7.891909    7.527064    7.263966    7.081762    6.968128
    5.837428    5.834413    5.828873    5.819725    5.806217    5.787851    5.764237    5.735172    5.700782    5.661654    5.618935    5.574375    5.529510    5.493018    5.463272    5.452454    5.480276    5.551628    5.672065    5.842413    6.124734    6.485458    6.943355    7.508611    8.273470    9.272384   10.184643   10.492694   10.180933    9.910179   10.054220   10.305433   10.214359    9.667126    8.933988    8.269916    7.788004    7.466246    7.243443    7.108781
    5.832260    5.828662    5.822048    5.811130    5.795018    5.773137    5.745069    5.710658    5.670184    5.624531    5.575294    5.524780    5.475346    5.434556    5.399427    5.401996    5.432068    5.501076    5.629738    5.830265    6.166643    6.599084    7.123423    7.735027    8.503994    9.486556   10.376861   10.775420   10.713957   10.627788   10.700843   10.664615   10.282692    9.635606    8.982109    8.425999    7.987155    7.663948    7.418360    7.262187
    5.825892    5.821592    5.813691    5.800652    5.781424    5.755348    5.721976    5.681205    5.633507    5.580121    5.523169    5.465610    5.410686    5.366999    5.331859    5.331448    5.366364    5.442292    5.584362    5.831635    6.243928    6.756223    7.329378    7.934834    8.612654    9.397238    9.929592   10.015931    9.875720    9.803975    9.914100   10.155707   10.214586    9.897779    9.342642    8.752361    8.231625    7.838498    7.558930    7.366667
    5.818300    5.813192    5.803808    5.788333    5.765537    5.734669    5.695254    5.647261    5.591383    5.529278    5.463688    5.398382    5.338644    5.288483    5.255605    5.258165    5.300914    5.390941    5.524362    5.757350    6.172006    6.790388    7.568098    8.281533    8.802614    9.129618    9.216645    9.172521    9.087654    9.016674    9.137030    9.665971   10.162650   10.100212    9.582305    8.929386    8.399252    8.029377    7.721181    7.501326
    5.809464    5.803453    5.792421    5.774244    5.747503    5.711358    5.665316    5.609434    5.544660    5.473116    5.398231    5.325309    5.264951    5.198833    5.183041    5.201812    5.239819    5.335270    5.481090    5.714251    6.071847    6.535045    7.027236    7.485525    7.874636    8.104776    8.178361    8.268555    8.503757    8.568815    8.759559    9.244050    9.702543    9.831117    9.576915    9.070395    8.531932    8.120710    7.805763    7.578099
    5.799360    5.792375    5.779563    5.758480    5.727515    5.685748    5.632681    5.568485    5.494395    5.413041    5.329481    5.254929    5.188296    5.116266    5.111195    5.133892    5.187580    5.297269    5.472423    5.766957    6.184244    6.674192    7.115231    7.485771    7.845619    8.288638    8.738207    8.971219    8.864027    8.505458    8.297424    8.726972    9.586303   10.260881   10.268144    9.663767    8.847074    8.235254    7.859132    7.613040
    5.787961    5.779950    5.765273    5.741157    5.705807    5.658238    5.597972    5.525321    5.441842    5.350885    5.261193    5.186388    5.112589    5.033607    5.041792    5.077731    5.145721    5.276978    5.480588    5.784692    6.157166    6.484029    6.747415    7.022899    7.339026    7.629193    7.886883    8.018169    7.955590    7.634290    7.380134    7.564701    8.191190    8.781822    8.931366    8.614336    8.198900    7.921197    7.731569    7.560290
    5.775220    5.766160    5.749586    5.722401    5.682642    5.629287    5.561905    5.480983    5.388441    5.289038    5.195106    5.110797    5.039457    4.949009    4.979954    5.034447    5.129023    5.321915    5.674709    6.174708    6.528414    6.531415    6.588530    7.046858    7.617264    7.969475    8.253836    8.401714    8.219788    7.685423    7.250342    7.335925    7.740306    8.019434    8.080385    7.996305    7.887273    7.772003    7.653140    7.505181
    5.761056    5.750959    5.732516    5.702332    5.658305    5.599406    5.525289    5.436653    5.335515    5.228120    5.129713    5.044825    4.969185    4.877799    4.956747    5.023464    5.141425    5.298067    5.585690    6.151188    6.731858    6.897226    6.855517    7.125624    7.559295    7.893986    8.353308    8.769921    8.662001    7.947153    7.378275    7.316772    7.214910    6.946820    6.977001    7.377577    7.689770    7.720329    7.625581    7.472059
    5.745344    5.734255    5.714041    5.681047    5.633073    5.569132    5.489002    5.393628    5.284981    5.172598    5.068212    4.992876    4.909491    4.851250    4.945453    5.051217    5.187854    5.263857    5.383483    5.931350    6.861458    7.505644    7.568630    7.395149    7.253345    7.265401    7.612863    7.908641    7.811231    7.260515    6.561974    6.276859    6.628625    7.319352    7.916693    8.155051    8.046517    7.815308    7.620091    7.433951
    5.727897    5.715896    5.694077    5.658579    5.607173    5.538966    5.453915    5.353246    5.239135    5.121594    5.018044    4.942891    4.852489    4.844569    4.964483    5.187155    5.439401    5.607531    5.709296    5.940485    6.259136    6.643768    7.258694    7.771182    7.813791    7.754409    7.907456    8.082844    8.118973    7.803829    6.995401    6.347105    6.515244    7.011908    7.181764    7.253522    7.403496    7.459687    7.406332    7.288673
    5.708468    5.695662    5.672457    5.634864    5.580703    5.509257    5.420725    5.316665    5.198685    5.075579    4.975650    4.909143    4.817181    4.841673    4.981287    5.218152    5.432024    5.566165    5.765845    6.260645    6.884548    7.378359    7.841492    8.079561    7.837919    7.525083    7.490077    7.596740    7.569319    7.313663    6.790575    6.281809    6.201042    6.512212    6.810357    6.892867    6.997158    7.190483    7.299884    7.244910
    5.686755    5.673263    5.648918    5.609694    5.553558    5.480063    5.389738    5.284523    5.164239    5.044893    4.954215    4.884666    4.800025    4.842684    5.001013    5.151254    5.239217    5.285657    5.672472    6.503397    7.256152    7.529195    7.552792    7.459985    7.365121    7.433046    7.505471    7.437728    7.171539    6.605361    5.864245    5.485174    5.763915    6.285387    6.680557    6.858384    6.851482    6.760951    6.752416    6.788486
    5.662439    5.648370    5.623119    5.582716    5.525382    5.451048    5.360672    5.256591    5.140134    5.028696    4.934490    4.879320    4.794568    4.832102    4.941410    5.050447    5.180696    5.354095    5.910863    6.749177    7.217324    7.233157    7.137572    6.952983    6.806104    6.937783    7.156178    7.339004    7.315260    6.895823    6.271886    5.891974    6.017022    6.350972    6.530333    6.515210    6.541054    6.666656    6.784153    6.813208
    5.635222    5.620656    5.594678    5.553458    5.495578    5.420785    5.331565    5.230551    5.121255    5.016948    4.931547    4.892051    4.812288    4.880336    5.002026    5.185075    5.535013    6.069128    6.892078    7.376451    7.192303    7.132853    7.243483    6.956351    6.568944    6.558334    6.669606    6.776315    6.732201    6.500745    6.294279    6.196721    6.272306    6.425354    6.584386    6.734923    6.825824    6.834192    6.804503    6.759366
    5.604905    5.589875    5.563258    5.521424    5.462639    5.386295    5.298134    5.200139    5.099193    5.002385    4.931799    4.902753    4.843084    4.930497    5.105423    5.375584    5.765902    6.058430    6.395721    6.614474    6.698768    7.002262    7.094736    6.649097    6.416277    6.628050    6.733895    6.934251    7.266994    7.287417    7.033238    6.737760    6.615452    6.626758    6.673502    6.677840    6.693638    6.734393    6.746615    6.723832
    5.571460    5.555944    5.528659    5.486185    5.422907    5.345965    5.258751    5.162056    5.073979    4.987935    4.929579    4.901898    4.863458    4.920751    5.009868    5.230218    5.647109    5.921055    5.972705    6.030834    6.275784    6.613660    6.716512    6.400498    6.211134    6.357682    6.435008    6.694214    7.272570    7.482710    7.274802    6.831377    6.568619    6.643548    6.851996    6.946616    6.916402    6.836171    6.766737    6.709768
    5.535066    5.518982    5.490860    5.446217    5.378723    5.300021    5.210921    5.116780    5.030596    4.954942    4.909374    4.903948    4.923792    5.052460    5.251430    5.488968    5.787889    5.884088    5.837477    5.936666    6.249816    6.715933    7.047309    6.782930    6.369398    6.375992    6.473765    6.637539    7.035588    7.260224    7.275175    7.110881    6.966697    7.016345    7.161588    7.234476    7.155081    6.986202    6.825390    6.721861
    5.496079    5.479278    5.450005    5.402769    5.330275    5.247536    5.155494    5.056286    4.973349    4.900684    4.857907    4.879436    4.977027    5.176987    5.332467    5.386413    5.516562    5.680826    5.814738    5.932310    6.122894    6.477772    6.669333    6.299816    5.978139    6.261603    6.635962    6.777241    6.827352    6.865606    7.171792    7.496945    7.528241    7.307436    6.972335    6.749973    6.701764    6.717544    6.695034    6.663779
    5.454938    5.437219    5.406359    5.356595    5.277198    5.187024    5.087029    4.978266    4.880896    4.789174    4.736329    4.754638    4.870017    5.059226    5.242468    5.399953    5.550002    5.488128    5.215095    5.006253    5.165424    5.759373    6.121465    5.770123    5.441944    5.759443    6.258137    6.498979    6.470244    6.496869    6.846192    7.221266    7.277141    7.119657    6.911172    6.814383    6.803932    6.781772    6.700057    6.639365
    5.412054    5.393137    5.360093    5.306285    5.218696    5.117676    5.004143    4.874850    4.741450    4.600915    4.515779    4.514700    4.612329    4.710888    4.802820    4.746131    4.695080    4.640524    4.684309    4.821408    5.120355    5.619975    5.846977    5.575041    5.289040    5.417505    5.839044    6.185469    6.344932    6.559818    6.954626    7.211344    7.117342    6.914072    6.665241    6.420682    6.272506    6.284747    6.363441    6.452086
    5.367798    5.347353    5.311455    5.252521    5.155089    5.039664    4.907747    4.748996    4.561378    4.358004    4.215473    4.193580    4.273321    4.311422    4.311332    4.118669    3.987417    4.119544    4.537600    4.921169    5.215068    5.563003    5.552622    5.199998    5.083513    5.493689    6.113377    6.395998    6.241088    6.053582    6.026872    6.159033    6.358931    6.594541    6.666962    6.595604    6.482153    6.435122    6.432537    6.468090
    5.322521    5.300253    5.260863    5.196347    5.086741    4.955164    4.802819    4.616995    4.393973    4.166250    4.011548    3.985422    4.049339    4.047257    3.874757    3.695315    3.674619    3.952050    4.222370    4.421535    4.875391    5.443044    5.465433    5.199260    5.299279    5.780504    6.192484    6.270318    6.063434    5.966534    5.967773    5.962490    5.944040    6.129373    6.372497    6.487243    6.448996    6.414246    6.416888    6.460581
    5.276464    5.252154    5.209410    5.137054    5.012396    4.867871    4.699543    4.499932    4.263931    4.011268    3.801876    3.698058    3.683572    3.707684    3.631946    3.565232    3.516696    3.753345    4.073147    4.312815    4.681249    5.204040    5.366475    5.243917    5.305261    5.566777    5.688874    5.635135    5.559975    5.693664    5.879747    6.017301    6.104963    6.288588    6.467910    6.563266    6.536207    6.503027    6.486440    6.498196
    5.229592    5.203140    5.155455    5.075415    4.935731    4.778630    4.594580    4.384827    4.145007    3.891360    3.669644    3.522652    3.451843    3.380991    3.277479    3.318805    3.517941    3.745489    3.869904    4.119152    4.603893    4.936019    4.853801    4.667114    4.719226    5.017969    5.392795    5.707584    5.829097    5.782808    5.621425    5.526137    5.671948    6.046435    6.365881    6.490027    6.456181    6.435079    6.445866    6.471724
    5.181280    5.152644    5.099124    5.008848    4.855812    4.681043    4.472739    4.228299    3.940478    3.636272    3.366592    3.183213    3.046792    2.896347    2.806994    2.942029    3.295636    3.641179    3.814027    4.054011    4.360442    4.456116    4.356368    4.441558    4.883402    5.449476    5.813363    5.913940    5.883664    5.837547    5.699222    5.524563    5.395571    5.447928    5.699875    6.053262    6.295050    6.428037    6.498844    6.537937
    5.129333    5.098240    5.035998    4.937342    4.772018    4.578715    4.345269    4.060760    3.712082    3.336332    3.017266    2.819270    2.663733    2.506861    2.492185    2.744840    3.201835    3.585971    3.778826    3.951208    4.197537    4.415552    4.591027    4.888076    5.286400    5.697582    6.033362    6.224526    6.317980    6.291185    6.113647    5.860359    5.731437    5.825470    6.029801    6.261156    6.400709    6.462211    6.472562    6.462840
    5.072332    5.038338    4.967723    4.861434    4.689643    4.481703    4.227144    3.903668    3.491286    3.036521    2.675682    2.498393    2.399007    2.262359    2.184660    2.310761    2.760258    3.295621    3.656014    3.862386    4.043321    4.138475    4.097604    4.233957    4.717542    5.307586    5.662038    5.772101    5.929765    6.137624    6.202006    6.087125    6.036403    6.144528    6.241696    6.315202    6.385636    6.481699    6.531155    6.533795
    5.009049    4.969886    4.893732    4.776664    4.597235    4.380697    4.113389    3.764756    3.317972    2.821952    2.435392    2.260580    2.182560    2.061951    1.958566    1.997648    2.357749    2.910110    3.439005    3.802932    3.927429    3.947474    4.253290    4.843915    5.336924    5.583857    5.694863    5.744190    5.780789    5.766563    5.755845    5.790255    6.042190    6.396550    6.579891    6.559751    6.475888    6.434985    6.424879    6.427236
    4.940174    4.894805    4.811332    4.681071    4.499549    4.271970    3.986664    3.629069    3.216519    2.803862    2.467623    2.239618    2.066697    1.898549    1.797258    1.796901    2.062326    2.587910    3.218392    3.697009    3.869835    3.894058    4.036240    4.347913    4.718548    5.073133    5.367852    5.636787    5.864137    5.892548    5.785513    5.705142    5.769505    5.953685    6.140682    6.291825    6.371351    6.404458    6.415925    6.422888
    4.867889    4.814591    4.722266    4.578115    4.390277    4.155600    3.867976    3.531312    3.210030    2.959384    2.730233    2.452370    2.155109    1.911205    1.782071    1.753468    1.936919    2.404098    3.017985    3.527683    3.762480    3.800681    3.925127    4.255707    4.618363    4.930246    5.246738    5.563247    5.823726    5.888667    5.799273    5.711102    5.748407    5.947871    6.178603    6.350963    6.418529    6.423315    6.411402    6.411540
    4.797233    4.734059    4.631941    4.472674    4.271775    4.022986    3.728523    3.409967    3.163106    3.040099    2.919789    2.662138    2.334141    2.073091    1.930853    1.883747    1.998968    2.360103    2.876038    3.388354    3.762730    3.899065    3.886951    4.043042    4.439209    4.812369    5.096338    5.417313    5.729720    5.874373    5.859746    5.854107    5.932568    6.107376    6.304083    6.456265    6.502813    6.468388    6.430000    6.416680
    4.737003    4.664584    4.553230    4.377388    4.161241    3.901125    3.627136    3.376965    3.217110    3.163362    3.096227    2.868426    2.525877    2.227679    2.057844    1.967867    2.002634    2.272997    2.794353    3.404677    3.898150    4.111934    4.065664    4.070769    4.440898    5.055884    5.557736    5.822813    5.952783    5.989127    5.978193    6.015305    6.113039    6.273261    6.454261    6.576099    6.574722    6.493599    6.426288    6.403127
    4.687939    4.613432    4.496706    4.311433    4.091503    3.840010    3.617558    3.490359    3.464610    3.472315    3.411994    3.226388    2.963240    2.680430    2.440642    2.251849    2.274929    2.588889    3.088495    3.567692    3.916535    4.138813    4.237798    4.318607    4.584730    5.099901    5.678482    6.019653    6.080114    6.017516    5.984891    6.034183    6.114015    6.232602    6.361365    6.453965    6.488026    6.475549    6.442575    6.420328
    4.675044    4.600611    4.482344    4.296907    4.078004    3.816938    3.571464    3.425851    3.444268    3.548424    3.620627    3.535195    3.319003    3.072990    2.831109    2.642217    2.603348    2.795535    3.227519    3.747521    4.160032    4.423157    4.599579    4.724460    4.829536    4.947095    5.065134    5.195132    5.360316    5.603098    5.854390    6.054771    6.113995    6.101473    6.112081    6.192543    6.294817    6.361197    6.379776    6.382489
    4.705282    4.640050    4.533583    4.365948    4.173156    3.955124    3.756700    3.654361    3.722110    3.884536    4.064529    4.149812    4.007381    3.668830    3.281792    3.038085    2.972555    3.047745    3.229078    3.421269    3.589232    3.849545    4.283236    4.752089    5.006257    5.040282    4.995149    4.959977    5.073931    5.451516    5.897189    6.183315    6.193688    6.091422    6.049672    6.130642    6.238761    6.309603    6.334557    6.342989
    4.773017    4.724302    4.634609    4.490830    4.331115    4.173229    4.052541    4.029297    4.174458    4.421396    4.647491    4.686339    4.474345    4.110173    3.672532    3.319420    3.133433    3.121799    3.275850    3.516313    3.768509    4.010654    4.253860    4.491228    4.733805    5.012825    5.212546    5.249507    5.305782    5.609615    6.005309    6.208130    6.165140    6.081120    6.090845    6.173548    6.253581    6.299100    6.307757    6.310638
    4.869244    4.840990    4.767747    4.640516    4.501074    4.401640    4.388390    4.465024    4.645428    4.894956    5.118527    5.127730    4.859910    4.442817    3.876868    3.325847    3.004016    3.014560    3.258413    3.517803    3.615700    3.588855    3.673726    4.022478    4.454199    4.794744    5.026042    5.226203    5.469467    5.758255    5.951256    6.047609    6.047065    6.088616    6.206546    6.308670    6.323556    6.299476    6.270531    6.258554
    4.983154    4.974677    4.910454    4.788034    4.662170    4.652575    4.840624    5.099581    5.272321    5.341160    5.341707    5.157303    4.759024    4.334836    3.885993    3.511990    3.286820    3.205372    3.199868    3.234617    3.331271    3.491846    3.737642    4.055595    4.338211    4.590393    4.856214    5.151847    5.422300    5.608449    5.730212    5.922137    6.158458    6.302774    6.320674    6.278360    6.229443    6.209158    6.192688    6.184943
    5.100507    5.107780    5.042062    4.880754    4.659004    4.595212    4.954666    5.496743    5.738876    5.594227    5.316168    4.944914    4.468439    4.098171    3.886557    3.822604    3.720376    3.478030    3.163102    2.931609    2.921607    3.188659    3.664760    4.154303    4.459302    4.638456    4.864370    5.224124    5.608843    5.838175    5.858590    5.876278    5.961692    6.061899    6.124354    6.142981    6.133338    6.127448    6.115005    6.108228
    5.214520    5.235598    5.199274    5.098647    4.923883    4.795474    4.934778    5.280878    5.508089    5.395244    5.075452    4.688728    4.276917    3.991311    3.858584    3.870846    3.752705    3.430675    3.042078    2.752414    2.707995    2.915631    3.265120    3.608778    3.885986    4.191992    4.577510    4.977320    5.238858    5.331413    5.376793    5.512580    5.713265    5.869714    5.963916    6.013116    6.028820    6.038757    6.035840    6.032639
    5.322004    5.347128    5.326707    5.272266    5.193494    5.129273    5.164445    5.262027    5.269463    5.094581    4.805140    4.477427    4.177191    4.022408    3.978040    4.024079    3.931825    3.624924    3.275450    3.074360    3.102457    3.321665    3.632464    3.954818    4.212325    4.381756    4.444298    4.425568    4.408227    4.525104    4.821112    5.191964    5.498262    5.696497    5.822348    5.900875    5.939542    5.960890    5.967159    5.967788
    5.418659    5.441208    5.426466    5.389011    5.340234    5.287542    5.249508    5.220527    5.167997    5.039163    4.819429    4.548473    4.338199    4.308229    4.324078    4.282957    4.091781    3.847715    3.679916    3.622695    3.667701    3.795484    3.950496    4.081917    4.144614    4.142596    4.043069    3.894348    3.876213    4.155822    4.621704    5.059748    5.371185    5.575140    5.715676    5.811105    5.859222    5.891595    5.902510    5.906392
    5.502149    5.519185    5.504736    5.472210    5.428161    5.374962    5.294343    5.184514    5.077225    4.980226    4.846859    4.629984    4.407959    4.321237    4.294578    4.254229    4.103745    3.909447    3.804528    3.850626    3.986529    4.105919    4.159309    4.181684    4.184010    4.125043    4.003504    3.926321    4.036912    4.340908    4.722209    5.064050    5.324264    5.512006    5.648502    5.745122    5.802100    5.830770    5.846089    5.851233
    5.571258    5.582154    5.566274    5.532211    5.484685    5.423540    5.321891    5.168464    5.004622    4.897120    4.849569    4.779309    4.660666    4.568093    4.496948    4.439841    4.348031    4.230862    4.107527    3.998384    3.957589    4.027998    4.153574    4.233951    4.218827    4.142161    4.094590    4.148656    4.310435    4.563208    4.847273    5.108847    5.323334    5.488763    5.614089    5.704049    5.758117    5.785324    5.798291    5.801856
    5.625720    5.628990    5.612132    5.574791    5.523767    5.458026    5.355695    5.210535    5.025723    4.859532    4.772579    4.764483    4.750844    4.683236    4.610219    4.551799    4.493630    4.425371    4.357514    4.314476    4.299310    4.294301    4.257916    4.216132    4.214520    4.244776    4.306248    4.416708    4.571828    4.770278    4.983220    5.185245    5.356797    5.495232    5.601145    5.676428    5.724569    5.749086    5.761553    5.767837
    5.678741    5.670685    5.651641    5.613933    5.563739    5.495719    5.398347    5.272853    5.120704    4.957582    4.823562    4.751317    4.741208    4.737499    4.703734    4.651436    4.609693    4.570371    4.516846    4.447956    4.384627    4.352731    4.357257    4.384764    4.415733    4.452647    4.522610    4.633034    4.776760    4.944156    5.114323    5.271534    5.407967    5.519158    5.606321    5.672599    5.712818    5.732383    5.743008    5.748354
    5.710263    5.701734    5.684566    5.649687    5.599286    5.536551    5.448682    5.338184    5.213882    5.074517    4.941190    4.833161    4.757462    4.724853    4.730947    4.752509    4.750095    4.714507    4.662339    4.614902    4.580156    4.562870    4.561138    4.581658    4.611686    4.662976    4.739089    4.847064    4.974332    5.111294    5.245179    5.367986    5.474269    5.561992    5.629684    5.682452    5.709458    5.725577    5.734819    5.739579
    5.725736    5.717485    5.701135    5.668082    5.622127    5.564475    5.487524    5.391179    5.280901    5.163769    5.044630    4.930631    4.836762    4.767001    4.719848    4.706693    4.733968    4.785924    4.834711    4.851988    4.832122    4.795417    4.768570    4.754929    4.773987    4.826031    4.907956    5.016081    5.135198    5.256696    5.372181    5.470946    5.551011    5.612161    5.663585    5.691277    5.709670    5.722534    5.730642    5.735157
    5.736156    5.728221    5.712946    5.682346    5.638192    5.583563    5.512560    5.426189    5.327391    5.218537    5.105136    4.994356    4.897645    4.825466    4.779565    4.760410    4.755028    4.745865    4.728016    4.713470    4.711306    4.727237    4.763270    4.812452    4.871924    4.944351    5.033970    5.141659    5.254842    5.366519    5.467816    5.551505    5.615589    5.660361    5.689887    5.706438    5.717396    5.725448    5.731033    5.734441
    5.742732    5.735085    5.720820    5.692721    5.649208    5.596601    5.530336    5.450579    5.358326    5.257681    5.152157    5.048912    4.957680    4.885924    4.836713    4.814600    4.812350    4.816286    4.812681    4.806403    4.805354    4.817063    4.843164    4.884678    4.941229    5.013908    5.104614    5.210967    5.319658    5.423956    5.516761    5.592909    5.649615    5.686054    5.706050    5.716930    5.723740    5.728947    5.732908    5.735522
    0.580989    0.581066    0.581211    0.581454    0.581818    0.582319    0.582965    0.583759    0.584694    0.585746    0.586869    0.587979    0.590054    0.586989    0.583302    0.570104    0.554460    0.534570    0.502352    0.452787    0.341550    0.208625    0.098688    0.007210   -0.112587   -0.270618   -0.446584   -0.622075   -0.742726   -0.770629   -0.684799   -0.521788   -0.349614   -0.170174   -0.018139    0.099036    0.191764    0.276825    0.342342    0.386672
    0.581035    0.581123    0.581289    0.581566    0.581983    0.582554    0.583290    0.584191    0.585240    0.586394    0.587571    0.588629    0.590439    0.586333    0.581399    0.568119    0.554003    0.535013    0.503817    0.457198    0.337019    0.211825    0.105110    0.015732   -0.111069   -0.306524   -0.545625   -0.775806   -0.910573   -0.933574   -0.854189   -0.689364   -0.509535   -0.292225   -0.101514    0.045790    0.159904    0.256803    0.332894    0.380350
    0.581109    0.581216    0.581415    0.581749    0.582250    0.582937    0.583820    0.584893    0.586127    0.587449    0.588726    0.589747    0.591217    0.585998    0.580274    0.563543    0.534711    0.484393    0.413978    0.346538    0.277258    0.203086    0.124885    0.027333   -0.120900   -0.355477   -0.641753   -0.781203   -0.678334   -0.543649   -0.567898   -0.645658   -0.602806   -0.413015   -0.185411   -0.006264    0.123736    0.242037    0.322436    0.378305
    0.581225    0.581359    0.581610    0.582030    0.582660    0.583523    0.584630    0.585968    0.587487    0.589075    0.590537    0.591576    0.592670    0.586954    0.580670    0.563675    0.529064    0.473432    0.397659    0.328777    0.258501    0.194062    0.132848    0.070114   -0.090393   -0.483733   -0.974336   -1.183910   -1.009779   -0.863611   -0.994459   -1.153531   -1.088208   -0.778692   -0.413610   -0.119799    0.066259    0.189108    0.282915    0.344022
    0.581386    0.581558    0.581879    0.582418    0.583224    0.584329    0.585742    0.587441    0.589348    0.591304    0.593034    0.594148    0.594849    0.589723    0.582215    0.567011    0.534307    0.487451    0.432668    0.366886    0.291205    0.189508    0.085841   -0.053500   -0.257553   -0.637466   -0.947119   -0.908847   -0.547421   -0.308885   -0.458059   -0.815423   -1.002641   -0.861172   -0.504129   -0.172783    0.072230    0.180119    0.283986    0.339461
    0.581594    0.581813    0.582222    0.582909    0.583936    0.585341    0.587134    0.589280    0.591669    0.594079    0.596147    0.597372    0.597666    0.592084    0.586386    0.556990    0.527079    0.491705    0.440985    0.363669    0.274787    0.155000    0.059769   -0.024117   -0.103807   -0.241097   -0.297661   -0.227126   -0.100001   -0.049732   -0.125371   -0.262916   -0.312838   -0.243965   -0.090203    0.045609    0.160503    0.237191    0.317559    0.346940
    0.581846    0.582122    0.582635    0.583495    0.584781    0.586537    0.588771    0.591432    0.594372    0.597301    0.599758    0.601119    0.601013    0.591920    0.583802    0.556977    0.527018    0.493419    0.440752    0.340613    0.213762    0.065445   -0.016797   -0.014429    0.078121    0.193623    0.432294    0.664450    0.835936    1.037337    1.181360    1.009413    0.592271    0.224482    0.100156    0.133953    0.223524    0.285725    0.389191    0.391002
    0.582144    0.582482    0.583112    0.584167    0.585739    0.587880    0.590595    0.593815    0.597347    0.600825    0.603676    0.605118    0.603556    0.596013    0.586454    0.560407    0.530682    0.491229    0.458867    0.387859    0.288871    0.107715   -0.061265   -0.100726    0.098605    0.474453    0.902157    1.089581    0.980867    0.862587    0.771293    0.590273    0.428219    0.341529    0.321794    0.316943    0.336019    0.345710    0.375326    0.384678
    0.582485    0.582891    0.583647    0.584908    0.586782    0.589325    0.592536    0.596323    0.600447    0.604469    0.607713    0.608633    0.601116    0.607576    0.581068    0.536948    0.527417    0.490946    0.451286    0.401917    0.368087    0.320650    0.329493    0.352012    0.400498    0.437758    0.493561    0.544524    0.741549    1.084329    1.252934    1.152604    1.018225    0.845522    0.620774    0.429710    0.389228    0.392649    0.432386    0.394175
    0.582869    0.583345    0.584229    0.585700    0.587876    0.590815    0.594503    0.598823    0.603486    0.607983    0.610728    0.605105    0.597441    0.608986    0.573073    0.534914    0.510549    0.464525    0.404458    0.319958    0.263693    0.249248    0.301307    0.275453    0.262627    0.386484    0.743728    1.058895    1.195198    1.214025    1.316456    1.511948    1.596833    1.243270    0.639801    0.248151    0.261590    0.360040    0.447675    0.387831
    0.583295    0.583841    0.584850    0.586522    0.588983    0.592283    0.596395    0.601163    0.606248    0.610912    0.610750    0.597499    0.591952    0.612465    0.566378    0.526530    0.502845    0.438582    0.367468    0.268914    0.263378    0.424648    0.653918    0.667140    0.450044    0.222668    0.313691    0.682972    1.097314    1.433748    1.813376    2.218654    2.393847    2.043158    1.456835    1.006425    0.760392    0.597808    0.543495    0.400290
    0.583767    0.584378    0.585501    0.587353    0.590061    0.593662    0.598103    0.603186    0.608501    0.612484    0.608046    0.597776    0.585672    0.622042    0.544282    0.522090    0.497362    0.402680    0.239950    0.006569   -0.010450    0.350905    0.697108    0.609276    0.306701    0.198766    0.408079    0.884790    1.380472    1.704494    1.938777    2.085023    2.157182    2.028848    1.674754    1.214652    0.826316    0.586997    0.512304    0.363457
    0.584292    0.584958    0.586178    0.588175    0.591071    0.594881    0.599519    0.604729    0.610302    0.613844    0.606477    0.591340    0.582472    0.603651    0.506410    0.507389    0.493128    0.499584    0.513239    0.326753    0.083593    0.142460    0.393065    0.423463    0.293362    0.269566    0.379988    0.686782    0.998616    1.217644    1.336639    1.316846    1.399472    1.587860    1.593551    1.199083    0.709400    0.430190    0.390210    0.266495
    0.584884    0.585592    0.586882    0.588975    0.591978    0.595876    0.600539    0.605650    0.611347    0.612783    0.605193    0.577133    0.574744    0.544222    0.497945    0.456961    0.478051    0.633979    0.929092    0.888520    0.359376   -0.092109   -0.019711    0.427749    0.963660    1.187087    1.254825    1.041040    0.782861    0.535439    0.623025    0.914503    1.035754    0.852306    0.641110    0.465483    0.302368    0.208792    0.250857    0.170600
    0.585564    0.586299    0.587625    0.589754    0.592763    0.596598    0.601076    0.605818    0.611091    0.612171    0.599892    0.572934    0.568344    0.503744    0.441506    0.313728    0.268456    0.367498    0.698972    1.006761    1.124178    0.995352    0.696334    0.694961    1.076792    1.118367    1.010805    0.869206    0.868143    0.729853    0.650103    0.683189    0.713423    0.686603    0.674645    0.549201    0.342430    0.234374    0.242302    0.163394
    0.586361    0.587105    0.588431    0.590527    0.593429    0.597028    0.601079    0.605132    0.610311    0.613620    0.596985    0.569144    0.552060    0.491391    0.373464    0.288623    0.245570    0.330335    0.525260    0.677236    0.717615    0.638856    0.423893    0.497565    0.871098    0.951313    0.814861    0.794836    1.040316    1.251410    1.282934    1.245791    1.165943    0.949438    0.693528    0.589736    0.474828    0.287576    0.190241    0.090083
    0.587309    0.588044    0.589335    0.591331    0.594011    0.597195    0.600557    0.603570    0.609330    0.608530    0.588173    0.566237    0.535761    0.458397    0.352719    0.343048    0.393932    0.490266    0.536884    0.621511    0.899242    1.017539    0.666370    0.350177    0.458439    0.684647    0.849307    0.902936    1.002788    1.166328    1.281608    1.247303    1.129303    0.931348    0.669890    0.481729    0.488451    0.544876    0.555780    0.416570
    0.588434    0.589148    0.590378    0.592220    0.594579    0.597185    0.599608    0.601274    0.604202    0.598039    0.584717    0.554069    0.525261    0.487301    0.425910    0.434399    0.388500    0.253290    0.097262    0.346958    1.086526    1.326777    0.779267    0.234955    0.199055    0.495689    0.796918    0.837480    0.697646    0.661933    0.811394    0.950218    0.985762    0.846838    0.731565    0.706591    0.668956    0.554428    0.450074    0.341422
    0.589749    0.590438    0.591592    0.593250    0.595228    0.597722    0.599313    0.599490    0.598570    0.590152    0.571280    0.542905    0.524847    0.448099    0.410571    0.370126    0.138869   -0.191863   -0.391599    0.111237    1.048480    1.249421    0.776080    0.483971    0.514984    0.545157    0.598004    0.525199    0.436983    0.611747    0.861314    1.004930    1.039641    0.912246    0.712767    0.517369    0.406482    0.385265    0.417548    0.358861
    0.591239    0.591906    0.592991    0.594473    0.596725    0.600625    0.602311    0.602163    0.597662    0.587768    0.563103    0.536116    0.501997    0.426236    0.372555    0.266031    0.103131    0.053015    0.383042    0.736294    0.814947    0.693885    0.663528    0.731333    0.665996    0.524808    0.560902    0.613622    0.511002    0.537537    0.826594    1.057007    1.139735    0.991071    0.762341    0.608608    0.529880    0.475687    0.405159    0.362160
    0.592850    0.593507    0.594554    0.595928    0.601682    0.606383    0.608605    0.610085    0.598362    0.584883    0.553650    0.524632    0.480975    0.448086    0.482534    0.400641    0.271034    0.113720    0.392496    0.806821    1.004428    0.975890    0.758987    0.604185    0.632597    0.738466    0.909490    1.000280    0.971067    0.936546    1.117571    1.304171    1.352339    1.065624    0.667114    0.415649    0.351093    0.383789    0.382564    0.380493
    0.594487    0.595159    0.596234    0.598705    0.607546    0.613815    0.618742    0.620214    0.610534    0.590156    0.550596    0.501874    0.419051    0.319494    0.267313    0.172910    0.173752    0.111843    0.266231    0.601303    0.913691    0.948356    0.818802    0.886669    1.069734    0.970121    0.752178    0.792316    1.199748    1.391686    1.369154    1.113489    0.875006    0.619239    0.366379    0.166507    0.150632    0.247004    0.337023    0.365017
    0.596039    0.596765    0.597973    0.601617    0.613720    0.622815    0.630293    0.636967    0.625592    0.604186    0.558398    0.468175    0.324424    0.107016   -0.026409   -0.116200    0.014445    0.176067    0.547573    0.961010    1.223280    1.294914    1.324203    1.296789    1.148245    0.784774    0.452102    0.528361    1.142881    1.571730    1.589535    1.217037    0.951559    0.830944    0.792039    0.716501    0.610604    0.507295    0.447337    0.429443
    0.597409    0.598236    0.599702    0.603985    0.620171    0.633860    0.646472    0.659512    0.658259    0.650498    0.601555    0.500573    0.323158    0.101593   -0.101786   -0.242294   -0.031446    0.250098    0.441520    0.414975    0.418866    0.592950    0.781227    0.722233    0.569804    0.532388    0.469828    0.573146    1.034287    1.313180    1.615291    1.714666    1.634705    1.368210    1.043854    0.758981    0.568855    0.486344    0.479503    0.470989
    0.598560    0.599563    0.601468    0.607081    0.627357    0.647079    0.667344    0.692948    0.716263    0.742434    0.702731    0.598028    0.416408    0.233326    0.073343   -0.018901    0.044738    0.111974    0.347505    0.592826    0.564693    0.625244    0.947968    0.895820    0.633100    0.691451    0.754874    0.835178    1.026169    1.105197    1.353672    1.494679    1.454529    1.278907    1.121037    1.053445    1.010655    0.893432    0.762206    0.636076
    0.599537    0.600809    0.603347    0.610498    0.635154    0.662221    0.691761    0.734039    0.793097    0.858033    0.847194    0.732983    0.549457    0.347592    0.236473    0.110880    0.115373    0.117943    0.377077    0.804129    0.936495    0.793421    0.818090    0.852344    0.800150    0.826921    0.942959    1.068390    1.280197    1.356449    1.486097    1.441097    1.295913    1.152979    1.003129    0.875289    0.812496    0.744216    0.688381    0.624220
    0.600455    0.602070    0.605411    0.613754    0.643702    0.675744    0.713384    0.766502    0.840616    0.907004    0.880363    0.744345    0.544980    0.328095    0.263282    0.131595    0.190441    0.234325    0.410319    0.701910    0.994695    1.150811    1.017645    0.762143    0.822458    1.185140    1.577974    1.620258    1.601055    1.435311    1.383703    1.316515    1.240371    1.155632    0.995316    0.830913    0.767545    0.724998    0.673598    0.621061
    0.601550    0.603551    0.607262    0.618264    0.652723    0.682581    0.721441    0.771068    0.838333    0.905001    0.895942    0.808667    0.658571    0.468900    0.338186    0.199193    0.221033    0.266783    0.321128    0.471651    0.819480    1.117704    0.943449    0.610309    0.631314    0.956071    1.275820    1.330476    1.310313    1.200739    1.045900    0.819967    0.678008    0.741223    0.767169    0.696312    0.631179    0.598485    0.615683    0.574028
    0.603217    0.605640    0.610971    0.624211    0.655970    0.686131    0.722740    0.762474    0.810599    0.853101    0.827858    0.756683    0.625347    0.485044    0.382907    0.225174    0.134376    0.180201    0.347879    0.580066    0.775233    0.851770    0.718000    0.691451    0.926036    1.190200    1.252034    1.084334    0.883140    0.804729    0.895786    1.121752    1.314306    1.381944    1.190860    0.918782    0.730673    0.643879    0.626803    0.568220
    0.606141    0.609018    0.616695    0.634050    0.659334    0.696512    0.736738    0.785495    0.849270    0.903119    0.899210    0.842896    0.746274    0.697410    0.570432    0.371292    0.190264    0.172865    0.263424    0.413999    0.559899    0.515194    0.415102    0.579084    0.802554    0.854681    0.823345    0.860651    0.835724    0.676121    0.406177    0.289770    0.573009    0.998386    1.102057    0.887621    0.650176    0.533455    0.514426    0.457840
    0.612006    0.615534    0.627513    0.646240    0.668534    0.707032    0.750292    0.808601    0.891033    0.967267    0.980901    0.935677    0.878314    0.811634    0.679856    0.503474    0.304228    0.353224    0.398310    0.427450    0.513176    0.662481    0.791457    0.908600    0.956025    0.817644    0.670976    0.725762    0.748446    0.733614    0.458997    0.222417    0.141454    0.189626    0.290488    0.357357    0.375098    0.406778    0.484537    0.469172
    0.621523    0.626014    0.640188    0.659592    0.674915    0.711697    0.754078    0.818304    0.904733    0.988642    1.005179    0.952462    0.877420    0.792500    0.653725    0.507210    0.328092    0.317120    0.407624    0.498503    0.551255    0.557019    0.533020    0.492734    0.453423    0.487032    0.704138    1.131302    1.380389    1.294354    0.904208    0.615796    0.522648    0.426720    0.331399    0.323413    0.336065    0.361792    0.413505    0.377413
    0.634975    0.640784    0.654926    0.679253    0.687578    0.718554    0.752567    0.802836    0.847085    0.876498    0.871292    0.854225    0.829300    0.753570    0.599872    0.380799    0.185385    0.167461    0.319568    0.522117    0.623941    0.534872    0.317833    0.254313    0.398695    0.547721    0.672221    0.817259    1.020446    1.048255    0.786557    0.600024    0.582551    0.482699    0.316644    0.268619    0.318283    0.422133    0.497030    0.460821
    0.652103    0.661900    0.676226    0.701161    0.708241    0.732609    0.765687    0.790049    0.746922    0.628931    0.552241    0.629424    0.763611    0.787964    0.639406    0.382543    0.154178    0.093957    0.262570    0.463812    0.574053    0.582171    0.500628    0.407344    0.398906    0.512809    0.704579    0.776947    0.778006    0.752248    0.755979    0.774491    0.818074    0.758752    0.630748    0.504674    0.438338    0.465516    0.520939    0.467239
    0.672160    0.686345    0.703586    0.727360    0.735262    0.750999    0.781690    0.801595    0.736477    0.581322    0.487833    0.580696    0.772635    0.852702    0.774866    0.592548    0.380181    0.192690    0.154326    0.261679    0.433281    0.513427    0.391842    0.190511    0.169876    0.274454    0.336503    0.284238    0.318141    0.510547    0.720644    0.837337    0.883189    0.794649    0.657312    0.534010    0.472311    0.483340    0.518624    0.489983
    0.693487    0.713164    0.731648    0.754759    0.765864    0.787649    0.813935    0.833903    0.810652    0.736305    0.684457    0.725965    0.840438    0.900835    0.839232    0.684983    0.459771    0.202786    0.159068    0.329275    0.557960    0.669647    0.598526    0.396320    0.271995    0.368688    0.516867    0.503434    0.469561    0.503564    0.627169    0.685501    0.698968    0.644141    0.576239    0.495079    0.438442    0.473329    0.515007    0.493589
    0.714173    0.738052    0.756491    0.777865    0.786529    0.801788    0.794299    0.747889    0.674515    0.626859    0.631549    0.706477    0.851553    0.963431    0.974845    0.876385    0.718988    0.511654    0.410790    0.422414    0.484438    0.518581    0.523975    0.510494    0.439260    0.327390    0.276119    0.222912    0.225014    0.311066    0.452488    0.518491    0.564462    0.575296    0.576369    0.544737    0.501718    0.511021    0.537824    0.515311
    0.739698    0.763921    0.780775    0.799265    0.805957    0.808854    0.757366    0.633709    0.482117    0.416868    0.469775    0.553888    0.658399    0.785983    0.908393    0.998934    0.932607    0.729855    0.558444    0.517904    0.553970    0.497378    0.341610    0.253456    0.312556    0.362870    0.253601    0.075255    0.017662    0.154829    0.343639    0.474338    0.614924    0.745068    0.854690    0.846194    0.714442    0.591478    0.541824    0.516537
    0.754394    0.772207    0.794299    0.809756    0.808102    0.817273    0.784315    0.673185    0.448981    0.267220    0.250548    0.345125    0.486664    0.651653    0.806131    0.935622    0.986332    0.901086    0.777285    0.712768    0.707358    0.674345    0.561716    0.536779    0.595346    0.574930    0.465012    0.343675    0.264798    0.252848    0.319113    0.399429    0.559108    0.750046    0.892272    0.878025    0.736969    0.611773    0.549829    0.528504
    0.759160    0.768739    0.792469    0.796334    0.786690    0.780247    0.744499    0.655212    0.424781    0.145784   -0.002285    0.021682    0.188644    0.438828    0.669510    0.799816    0.868924    0.853138    0.813834    0.778913    0.717909    0.617605    0.508203    0.496293    0.522513    0.493210    0.453678    0.446886    0.478735    0.470901    0.421305    0.352052    0.396013    0.491738    0.609620    0.662914    0.617396    0.566712    0.542800    0.525319
    0.756383    0.756661    0.780201    0.778183    0.764223    0.739460    0.669771    0.567964    0.355115    0.131108    0.093715    0.249149    0.402702    0.459980    0.508668    0.608535    0.762720    0.841358    0.791578    0.657621    0.429746    0.180068   -0.037720   -0.020960    0.174493    0.303221    0.308688    0.286682    0.319192    0.374559    0.398910    0.417222    0.483312    0.535386    0.570254    0.588677    0.560117    0.530846    0.522656    0.512440
    0.748477    0.739560    0.765867    0.770347    0.748848    0.698910    0.561737    0.443245    0.296725    0.135161    0.048969    0.085053    0.186272    0.230084    0.247681    0.373440    0.638975    0.785179    0.706419    0.524294    0.348927    0.257922    0.164739    0.128571    0.198395    0.279663    0.300481    0.269729    0.304650    0.414214    0.515900    0.508577    0.511716    0.492768    0.462390    0.456957    0.467507    0.490517    0.513536    0.512974
    0.736666    0.721340    0.758745    0.779900    0.767831    0.673081    0.412795    0.168615   -0.002285   -0.067290   -0.036589    0.024996    0.102893    0.218004    0.403577    0.624716    0.836846    0.899534    0.842486    0.760188    0.592374    0.437407    0.316412    0.300291    0.362845    0.377955    0.321566    0.260531    0.316527    0.460495    0.554532    0.518257    0.434009    0.382220    0.401162    0.467815    0.509552    0.522506    0.534039    0.528408
    0.722848    0.704204    0.757421    0.819332    0.893382    0.885104    0.648148    0.387932    0.205940    0.109190    0.068025    0.105436    0.271734    0.532891    0.765483    0.770733    0.606203    0.460369    0.529926    0.700490    0.692934    0.585451    0.487419    0.464008    0.440011    0.335026    0.181867    0.083832    0.162204    0.350839    0.492318    0.485973    0.455563    0.450270    0.462785    0.504969    0.527909    0.535473    0.545260    0.542299
    0.703941    0.677574    0.710159    0.733597    0.753902    0.741168    0.598364    0.449015    0.291211    0.174116    0.157842    0.248653    0.434609    0.673975    0.880117    0.904348    0.872672    0.891776    1.004894    1.141851    1.097873    0.972732    0.826120    0.670489    0.451249    0.152047   -0.130240   -0.315697   -0.335845   -0.211423   -0.009175    0.195863    0.336910    0.422250    0.470813    0.515237    0.537896    0.543684    0.551735    0.549160
    0.682678    0.655982    0.673610    0.677108    0.678733    0.658788    0.566058    0.473138    0.378273    0.328333    0.379956    0.558740    0.826938    1.028175    1.020242    0.790096    0.637976    0.709055    0.933543    1.102816    1.069737    0.950377    0.798483    0.623468    0.430333    0.236909    0.081353   -0.066467   -0.198454   -0.232712   -0.079346    0.151624    0.329805    0.430230    0.481324    0.520779    0.546403    0.553766    0.559769    0.556954
    0.660742    0.636653    0.645265    0.634227    0.628146    0.596298    0.541067    0.505858    0.479077    0.484685    0.563899    0.756951    1.030222    1.186813    1.083199    0.792826    0.640837    0.675859    0.803719    0.892416    0.868228    0.809725    0.736595    0.658288    0.590498    0.518282    0.471099    0.429542    0.361130    0.271693    0.250246    0.314567    0.400438    0.468022    0.507531    0.540594    0.568976    0.570342    0.574282    0.573252
    0.639987    0.621545    0.623573    0.606735    0.600597    0.572437    0.530405    0.504396    0.504651    0.547347    0.643714    0.794046    0.966031    1.048293    0.986502    0.836352    0.801632    0.876809    0.957950    0.941049    0.848113    0.785235    0.766036    0.744416    0.710481    0.690071    0.696360    0.670153    0.569187    0.439832    0.379150    0.400077    0.449875    0.494725    0.526577    0.552538    0.573943    0.583061    0.582959    0.584177
    0.622324    0.612103    0.610394    0.594980    0.589149    0.567711    0.548000    0.537440    0.543472    0.570000    0.615510    0.682399    0.765893    0.819681    0.810885    0.751606    0.745104    0.792417    0.899850    1.006810    1.058910    1.022364    0.918582    0.828423    0.798239    0.795228    0.766868    0.689138    0.591371    0.502045    0.462894    0.469699    0.496504    0.524898    0.545025    0.564926    0.584779    0.592453    0.594605    0.595401
    0.607297    0.605823    0.599049    0.588891    0.592011    0.580131    0.578072    0.589414    0.629058    0.676454    0.707902    0.700704    0.689376    0.707215    0.722469    0.720262    0.734675    0.767399    0.830547    0.874529    0.900780    0.913788    0.944076    0.953876    0.919394    0.846889    0.762453    0.677626    0.601450    0.543862    0.518292    0.518038    0.533369    0.550564    0.563605    0.574277    0.592615    0.599644    0.601010    0.601518
    0.588473    0.588097    0.582271    0.577505    0.579345    0.574609    0.579314    0.599730    0.632875    0.684999    0.735179    0.752788    0.725655    0.692531    0.687476    0.711620    0.740016    0.768964    0.825426    0.897105    0.956435    0.988391    0.977529    0.929135    0.870516    0.806468    0.737982    0.667998    0.609397    0.567803    0.549000    0.548593    0.556385    0.566776    0.574908    0.584440    0.598828    0.601948    0.603037    0.603445
    0.584721    0.584196    0.581080    0.576382    0.580191    0.581233    0.587752    0.607213    0.637018    0.674945    0.716594    0.747606    0.760350    0.747638    0.717468    0.689181    0.691115    0.724025    0.778807    0.832436    0.874308    0.901218    0.912320    0.893510    0.851423    0.803410    0.751154    0.694680    0.647447    0.612935    0.593102    0.584437    0.582822    0.584006    0.588487    0.596601    0.600937    0.602770    0.603370    0.603500
    0.583335    0.582915    0.581178    0.576210    0.582747    0.586004    0.593222    0.607305    0.632439    0.663647    0.695658    0.726973    0.751532    0.768663    0.783340    0.783903    0.766730    0.730485    0.700133    0.694949    0.721700    0.766597    0.801255    0.821215    0.815197    0.789124    0.750262    0.704214    0.663850    0.631701    0.607627    0.595174    0.590558    0.591487    0.591246    0.597688    0.601931    0.603543    0.603751    0.603546
    0.582459    0.582184    0.581690    0.578439    0.582125    0.587444    0.593559    0.606379    0.624895    0.647198    0.674926    0.703623    0.729766    0.752323    0.770584    0.780371    0.789890    0.806172    0.833179    0.859552    0.872925    0.867976    0.852481    0.824191    0.791851    0.760289    0.724930    0.683403    0.644940    0.612893    0.592088    0.580926    0.575930    0.575937    0.584694    0.593403    0.599250    0.602055    0.602903    0.602959
    0.581943    0.581759    0.581483    0.579855    0.584651    0.589495    0.596051    0.606243    0.620900    0.639511    0.662553    0.687998    0.711863    0.732469    0.750954    0.762211    0.770060    0.776282    0.789890    0.807082    0.819266    0.820963    0.812454    0.794720    0.770473    0.741021    0.705691    0.665805    0.630890    0.602699    0.582795    0.571415    0.568080    0.572481    0.581601    0.590635    0.597122    0.600533    0.601785    0.602055
   -0.092402   -0.092425   -0.092467   -0.092537   -0.092643   -0.092787   -0.092974   -0.093202   -0.093463   -0.093740   -0.093991   -0.094162   -0.095279   -0.091679   -0.089044   -0.078072   -0.064265   -0.048453   -0.024400    0.014206    0.102283    0.206941    0.289242    0.342272    0.433135    0.556810    0.707655    0.864211    0.985771    1.026455    0.959043    0.815925    0.664210    0.505996    0.377568    0.280058    0.213003    0.138880    0.078848    0.040717
   -0.092416   -0.092441   -0.092490   -0.092571   -0.092693   -0.092860   -0.093075   -0.093337   -0.093635   -0.093947   -0.094219   -0.094369   -0.095329   -0.090902   -0.086173   -0.074330   -0.063119   -0.049645   -0.028889    0.007034    0.098619    0.215886    0.291938    0.356234    0.454227    0.619221    0.834717    1.048740    1.180689    1.212182    1.145876    0.998519    0.823249    0.636728    0.459892    0.335289    0.242041    0.155801    0.088299    0.046954
   -0.092437   -0.092468   -0.092527   -0.092626   -0.092775   -0.092979   -0.093239   -0.093554   -0.093908   -0.094263   -0.094543   -0.094625   -0.095303   -0.089878   -0.084461   -0.069450   -0.044777   -0.004093    0.054928    0.110693    0.169245    0.222756    0.279346    0.343636    0.462305    0.663774    0.906178    1.021871    0.920411    0.799685    0.837514    0.928402    0.908065    0.739988    0.541119    0.380725    0.274197    0.175522    0.098922    0.050793
   -0.092470   -0.092510   -0.092585   -0.092711   -0.092900   -0.093159   -0.093490   -0.093886   -0.094323   -0.094746   -0.095049   -0.095060   -0.095385   -0.089461   -0.083338   -0.068090   -0.039219    0.005700    0.068594    0.125108    0.181005    0.232599    0.272693    0.320511    0.456180    0.817436    1.240730    1.410811    1.238525    1.109661    1.254730    1.429380    1.383203    1.107656    0.771193    0.506413    0.330371    0.237023    0.149521    0.095496
   -0.092516   -0.092568   -0.092665   -0.092828   -0.093072   -0.093407   -0.093833   -0.094339   -0.094890   -0.095406   -0.095746   -0.095688   -0.095614   -0.089880   -0.081958   -0.068117   -0.042832   -0.006432    0.037030    0.091147    0.155732    0.238907    0.332915    0.469063    0.680714    1.022266    1.293938    1.242098    0.887429    0.679349    0.861800    1.239842    1.434555    1.292241    0.949077    0.625253    0.389674    0.261356    0.152941    0.103867
   -0.092574   -0.092641   -0.092765   -0.092975   -0.093288   -0.093717   -0.094261   -0.094903   -0.095595   -0.096229   -0.096624   -0.096505   -0.096021   -0.088784   -0.083573   -0.056906   -0.035807   -0.010224    0.032150    0.097557    0.177592    0.281734    0.376175    0.490750    0.628590    0.781070    0.825543    0.726499    0.615074    0.597467    0.697874    0.848739    0.907083    0.830732    0.663054    0.502746    0.367369    0.265556    0.184017    0.119728
   -0.092645   -0.092729   -0.092886   -0.093149   -0.093544   -0.094081   -0.094762   -0.095563   -0.096417   -0.097193   -0.097665   -0.097510   -0.096664   -0.086251   -0.082203   -0.060993   -0.041112   -0.016015    0.029370    0.117882    0.232876    0.366123    0.461779    0.549765    0.634359    0.762956    0.824042    0.816306    0.711192    0.498498    0.315718    0.332531    0.484035    0.625856    0.624183    0.515890    0.360896    0.262197    0.165534    0.107852
   -0.092728   -0.092832   -0.093025   -0.093348   -0.093832   -0.094490   -0.095320   -0.096293   -0.097326   -0.098257   -0.098820   -0.098624   -0.096516   -0.091291   -0.089722   -0.071977   -0.054807   -0.021998    0.001565    0.058413    0.135173    0.268774    0.423042    0.569379    0.657362    0.675519    0.571199    0.506639    0.564002    0.587324    0.514279    0.530394    0.576991    0.588049    0.536809    0.452378    0.344667    0.269735    0.176049    0.118991
   -0.092823   -0.092947   -0.093179   -0.093567   -0.094144   -0.094928   -0.095915   -0.097065   -0.098282   -0.099377   -0.100055   -0.099273   -0.091497   -0.104625   -0.086632   -0.049168   -0.054791   -0.022147    0.012531    0.042337    0.052914    0.065865    0.094936    0.204469    0.287262    0.273937    0.238534    0.279203    0.310906    0.220763    0.080433    0.084989    0.195376    0.346502    0.449624    0.479022    0.372358    0.265799    0.184973    0.113675
   -0.092929   -0.093075   -0.093346   -0.093799   -0.094472   -0.095381   -0.096520   -0.097842   -0.099231   -0.100478   -0.100459   -0.093206   -0.085589   -0.104755   -0.076140   -0.048653   -0.040760    0.002169    0.049855    0.131919    0.170698    0.167159    0.158527    0.279154    0.437234    0.418226    0.239742    0.128779    0.329891    0.615816    0.560502    0.333386    0.251180    0.512616    0.804242    0.822607    0.576683    0.340241    0.213864    0.122265
   -0.093046   -0.093213   -0.093524   -0.094040   -0.094803   -0.095830   -0.097109   -0.098584   -0.100116   -0.101317   -0.098347   -0.083593   -0.078432   -0.105420   -0.061468   -0.042934   -0.040797    0.014865    0.071577    0.164336    0.213394    0.152079    0.082686    0.152187    0.343356    0.517916    0.621153    0.566376    0.541263    0.573389    0.618180    0.695843    0.641969    0.456493    0.264680    0.132257    0.091110    0.111527    0.124711    0.094555
   -0.093175   -0.093363   -0.093709   -0.094283   -0.095127   -0.096257   -0.097655   -0.099249   -0.100871   -0.101357   -0.094220   -0.082516   -0.071035   -0.106895   -0.031670   -0.037261   -0.029374    0.027601    0.128475    0.304351    0.418585    0.317760    0.282658    0.498030    0.720588    0.700341    0.672833    0.576843    0.588218    0.566670    0.429006    0.335271    0.268458    0.151792    0.036978    0.000846    0.064545    0.119535    0.142887    0.104889
   -0.093320   -0.093525   -0.093902   -0.094524   -0.095433   -0.096642   -0.098125   -0.099791   -0.101704   -0.101903   -0.092107   -0.075827   -0.067610   -0.071673   -0.015628   -0.017027   -0.032243   -0.096440   -0.213282   -0.116075    0.221502    0.418031    0.487274    0.583270    0.662770    0.651608    0.639465    0.592205    0.667366    0.718083    0.585699    0.382036    0.093324   -0.245039   -0.348056   -0.166921    0.103416    0.226653    0.232724    0.167869
   -0.093484   -0.093702   -0.094103   -0.094758   -0.095711   -0.096967   -0.098492   -0.100175   -0.102452   -0.100973   -0.091483   -0.063079   -0.058994   -0.035206    0.011165    0.060975    0.039550   -0.114087   -0.392039   -0.363101    0.186206    0.693857    0.706205    0.290888   -0.210044   -0.340264   -0.073441    0.380969    0.664340    0.597049    0.328987    0.257763    0.360517    0.345442    0.242425    0.224933    0.314802    0.352179    0.323810    0.232303
   -0.093675   -0.093902   -0.094316   -0.094988   -0.095955   -0.097215   -0.098726   -0.100355   -0.102704   -0.101570   -0.088225   -0.065018   -0.053822   -0.016949    0.096810    0.210280    0.313051    0.347283    0.248693    0.102465   -0.020651   -0.069923    0.069050   -0.080613   -0.513789   -0.478604    0.102009    0.509749    0.425379    0.070203   -0.115567   -0.032505    0.053764   -0.025821   -0.016495    0.116308    0.283321    0.328762    0.300695    0.231182
   -0.093904   -0.094134   -0.094550   -0.095218   -0.096166   -0.097381   -0.098804   -0.100282   -0.103282   -0.105312   -0.089920   -0.067335   -0.049852    0.000954    0.139833    0.245594    0.388984    0.483751    0.563037    0.568075    0.463921    0.441504    0.849700    1.138614    0.852882    0.403346    0.155953   -0.001972   -0.061595   -0.181969   -0.259190   -0.284811   -0.250374   -0.167390    0.002345    0.047114    0.117876    0.268057    0.332483    0.305028
   -0.094180   -0.094409   -0.094817   -0.095462   -0.096356   -0.097468   -0.098717   -0.099921   -0.104503   -0.103755   -0.088039   -0.063346   -0.039716   -0.011363    0.139085    0.179735    0.219597    0.293993    0.465478    0.480001    0.154061    0.021984    0.564674    1.207229    1.291843    0.905058    0.528248    0.168782    0.031298   -0.050305   -0.082096   -0.102557   -0.185077   -0.225727   -0.078805    0.073941    0.074760   -0.016661   -0.045370   -0.000297
   -0.094511   -0.094736   -0.095131   -0.095738   -0.096551   -0.097510   -0.098499   -0.099343   -0.102431   -0.097873   -0.087440   -0.063137   -0.069097   -0.060039    0.005162    0.020706    0.111937    0.313338    0.676533    0.756656    0.398442    0.191637    0.373903    0.543314    0.508713    0.474810    0.400387    0.173559    0.117796   -0.006437   -0.119459   -0.183219   -0.219853   -0.199001   -0.164412   -0.181476   -0.150219   -0.052789    0.031404    0.083646
   -0.094899   -0.095120   -0.095499   -0.096066   -0.096787   -0.098129   -0.099097   -0.099635   -0.100458   -0.095535   -0.084932   -0.071288   -0.072028   -0.077993   -0.040262    0.006999    0.051326    0.096833    0.068721    0.066345    0.193271    0.323000    0.286575    0.171837    0.163498    0.352966    0.477651    0.378801    0.260036    0.054652   -0.202023   -0.349378   -0.402835   -0.347184   -0.182945   -0.006111    0.090990    0.094640    0.058394    0.068315
   -0.095335   -0.095556   -0.095928   -0.096471   -0.097755   -0.100999   -0.102946   -0.104475   -0.103541   -0.099065   -0.086457   -0.080131   -0.055000   -0.110396   -0.061709    0.036050   -0.023119   -0.082676   -0.171782    0.259831    0.913703    0.828124    0.186520   -0.166208   -0.024187    0.165893    0.138438   -0.073177   -0.186063   -0.148577   -0.350659   -0.531981   -0.583914   -0.465087   -0.246582   -0.094243   -0.023078    0.014782    0.023636    0.062537
   -0.095798   -0.096027   -0.096416   -0.096991   -0.101940   -0.106525   -0.109928   -0.114474   -0.108387   -0.102507   -0.085075   -0.078211   -0.055174   -0.157536   -0.170315   -0.151575   -0.199699   -0.200733   -0.312106   -0.202435    0.213741    0.408231    0.337608    0.215195    0.110716    0.006112   -0.091514   -0.347822   -0.492901   -0.445566   -0.448660   -0.462898   -0.412890   -0.242231   -0.002207    0.160756    0.169061    0.114053    0.051837    0.062409
   -0.096257   -0.096511   -0.096966   -0.098701   -0.106887   -0.113509   -0.120450   -0.126427   -0.124496   -0.112391   -0.093655   -0.066447   -0.021308   -0.033311    0.040528    0.112063    0.044142   -0.099729   -0.325783   -0.192886    0.305210    0.332802   -0.248847   -0.567882   -0.375526    0.014397    0.299161    0.139531   -0.231188   -0.404729   -0.345017   -0.095126    0.090497    0.177616    0.278506    0.364234    0.329994    0.223809    0.111262    0.070882
   -0.096685   -0.096993   -0.097593   -0.100520   -0.112054   -0.121833   -0.132068   -0.144508   -0.142924   -0.133498   -0.109867   -0.051604    0.057010    0.160674    0.321764    0.346702    0.000929   -0.414293   -0.647677   -0.410578    0.111896    0.317185    0.239379    0.438464    0.600900    0.338967   -0.016190   -0.233589   -0.265335   -0.266137   -0.406785   -0.520490   -0.563787   -0.492620   -0.356992   -0.241705   -0.147610   -0.065102   -0.036508   -0.019744
   -0.097071   -0.097472   -0.098313   -0.101868   -0.117443   -0.131897   -0.147700   -0.167429   -0.177539   -0.184146   -0.164219   -0.100954    0.027701    0.101854    0.259827    0.215163   -0.045546   -0.221700   -0.347069   -0.355154   -0.205995   -0.304549   -0.456272   -0.084018    0.215602   -0.074347   -0.307245   -0.340954   -0.087624    0.111185   -0.133280   -0.509186   -0.690273   -0.620263   -0.411178   -0.211226   -0.071823   -0.014046   -0.035223   -0.043346
   -0.097447   -0.098002   -0.099226   -0.104001   -0.123468   -0.143637   -0.167060   -0.199621   -0.234989   -0.277386   -0.272319   -0.209193   -0.066911    0.012610    0.187897    0.222313    0.211672    0.333893    0.359408    0.260137    0.244677    0.265880    0.322476    0.395334    0.258773   -0.083586   -0.209939   -0.306206   -0.251938   -0.181180   -0.140150   -0.026470    0.000847   -0.143291   -0.314882   -0.447579   -0.481897   -0.397124   -0.293970   -0.199463
   -0.097883   -0.098669   -0.100429   -0.106543   -0.129861   -0.155957   -0.187814   -0.236344   -0.307165   -0.388724   -0.417320   -0.344986   -0.208941   -0.086827    0.081321    0.180141    0.150599    0.139353    0.204455    0.236244   -0.086132   -0.277003    0.157374    0.519458    0.304354   -0.011847   -0.163883   -0.258540   -0.186534   -0.127805   -0.095238   -0.032931   -0.104438   -0.259826   -0.332399   -0.309116   -0.284046   -0.247236   -0.200165   -0.174358
   -0.098475   -0.099551   -0.101972   -0.108975   -0.135800   -0.162842   -0.200340   -0.257467   -0.342446   -0.426773   -0.447131   -0.361112   -0.210104   -0.088282    0.088505    0.185040    0.187218    0.192341    0.239279    0.295787    0.129821    0.007430    0.282934    0.373006    0.011345   -0.315411   -0.372362   -0.328042   -0.117922    0.054672    0.161259    0.291523    0.320515    0.173482   -0.014348   -0.151878   -0.206130   -0.207925   -0.191261   -0.168375
   -0.099365   -0.100762   -0.103372   -0.112535   -0.138216   -0.162238   -0.197320   -0.247299   -0.322992   -0.406382   -0.449546   -0.425481   -0.346366   -0.286031   -0.157286   -0.079659    0.042817    0.130772    0.141756    0.212397    0.297756    0.195732    0.080470    0.034808    0.041863    0.094991    0.126153    0.066349    0.196429    0.254771    0.171845    0.037340   -0.099765   -0.184313   -0.190664   -0.173510   -0.118995   -0.086197   -0.108573   -0.105918
   -0.100765   -0.102502   -0.106436   -0.117010   -0.135089   -0.165947   -0.197520   -0.236037   -0.289864   -0.345421   -0.377798   -0.372838   -0.319542   -0.344830   -0.306992   -0.322230   -0.183833   -0.046742    0.017143    0.219695    0.431960    0.299666    0.108069    0.189397    0.377464    0.391621    0.335443    0.153794    0.194667    0.200010    0.157626    0.092553   -0.117994   -0.330864   -0.415086   -0.362149   -0.207877   -0.109938   -0.083549   -0.086029
   -0.103057   -0.105158   -0.110794   -0.123834   -0.140972   -0.171519   -0.204016   -0.246171   -0.306223   -0.360202   -0.404978   -0.424413   -0.446025   -0.519879   -0.543577   -0.570527   -0.398327   -0.202503   -0.035358    0.107944    0.144464    0.022455   -0.159124   -0.203202   -0.085755    0.076771    0.129701   -0.000138   -0.010553   -0.063861    0.055090    0.391563    0.551494    0.512104    0.313249    0.109297    0.064267    0.069807    0.044223    0.031126
   -0.107488   -0.110111   -0.118446   -0.131592   -0.149040   -0.175507   -0.207599   -0.251246   -0.314313   -0.369258   -0.419295   -0.456456   -0.519444   -0.585287   -0.577816   -0.519154   -0.360909   -0.200959   -0.093793   -0.032950   -0.051859   -0.046577   -0.039576   -0.164098   -0.324196   -0.276680   -0.094391    0.030149    0.038599   -0.167044   -0.255331   -0.052756    0.180032    0.345070    0.334472    0.220964    0.185637    0.137721    0.045473    0.005309
   -0.114337   -0.117703   -0.127506   -0.142184   -0.157175   -0.184899   -0.215675   -0.260184   -0.312128   -0.351607   -0.388400   -0.427733   -0.470796   -0.550249   -0.583750   -0.551021   -0.550721   -0.400687   -0.344610   -0.290428   -0.199306   -0.050034    0.032096   -0.023232   -0.031094    0.003664    0.039483    0.135898    0.040913   -0.091043   -0.166190   -0.042382   -0.026498    0.035917    0.150677    0.157469    0.166066    0.145440    0.094011    0.069580
   -0.123561   -0.127991   -0.141020   -0.161471   -0.176662   -0.203520   -0.232103   -0.264890   -0.272951   -0.252994   -0.256009   -0.328209   -0.410751   -0.484496   -0.489292   -0.451162   -0.471422   -0.362466   -0.243757   -0.177594   -0.138395   -0.041159   -0.053843   -0.375011   -0.648400   -0.599813   -0.300757   -0.058534   -0.188547   -0.359823   -0.322633   -0.100886   -0.123101   -0.184252   -0.096458    0.009275    0.089359    0.063230   -0.011193   -0.015103
   -0.135152   -0.143513   -0.160688   -0.183238   -0.201372   -0.230188   -0.269474   -0.308463   -0.300652   -0.234538   -0.211668   -0.305728   -0.451395   -0.495037   -0.455844   -0.355680   -0.362932   -0.375093   -0.326795   -0.207167   -0.170896   -0.181199   -0.200740   -0.305740   -0.407648   -0.393144   -0.347863   -0.201350   -0.067680    0.000758   -0.034411   -0.033369   -0.133086   -0.174899   -0.137923   -0.085976   -0.002784    0.009854   -0.039160   -0.033039
   -0.148820   -0.161895   -0.183467   -0.206809   -0.233211   -0.271041   -0.323299   -0.400380   -0.479236   -0.536568   -0.567608   -0.578486   -0.610621   -0.574323   -0.527541   -0.395586   -0.388131   -0.454252   -0.501644   -0.403973   -0.264762   -0.204527   -0.214386   -0.280080   -0.355566   -0.325053   -0.251244   -0.037983    0.074034    0.047395   -0.064809   -0.148735   -0.245498   -0.236451   -0.170894   -0.114111   -0.038815   -0.025989   -0.061803   -0.059634
   -0.163345   -0.182075   -0.204549   -0.231133   -0.268267   -0.319119   -0.378302   -0.451000   -0.521236   -0.590677   -0.631731   -0.636813   -0.667453   -0.627371   -0.584303   -0.469585   -0.422937   -0.418862   -0.461731   -0.420421   -0.361245   -0.349911   -0.269004   -0.103424    0.010012    0.021507   -0.051023    0.007005    0.018506   -0.029836   -0.112524   -0.126514   -0.152113   -0.124086   -0.101303   -0.084704   -0.027404   -0.025863   -0.059485   -0.055653
   -0.177979   -0.199507   -0.227085   -0.259665   -0.304824   -0.365913   -0.417342   -0.457095   -0.475939   -0.486367   -0.505346   -0.561105   -0.660081   -0.688448   -0.643682   -0.493210   -0.352863   -0.264721   -0.293461   -0.325843   -0.317288   -0.275001   -0.203074   -0.177170   -0.147251   -0.126854   -0.189846   -0.176190   -0.120311   -0.096017   -0.119247   -0.096869   -0.096751   -0.096612   -0.143347   -0.197732   -0.149469   -0.108556   -0.104761   -0.086707
   -0.196886   -0.222848   -0.249263   -0.282417   -0.333391   -0.403500   -0.462385   -0.517584   -0.547229   -0.543556   -0.540667   -0.547749   -0.561658   -0.565430   -0.605310   -0.602964   -0.521479   -0.382978   -0.308752   -0.293131   -0.270352   -0.125083    0.074738    0.147040    0.079739    0.021314    0.043404    0.111070    0.074149   -0.056729   -0.143044   -0.117954   -0.121408   -0.146186   -0.244400   -0.296915   -0.209703   -0.111354   -0.060196   -0.051658
   -0.207763   -0.231536   -0.262711   -0.295122   -0.349244   -0.427199   -0.508080   -0.564520   -0.542603   -0.470288   -0.440098   -0.447832   -0.465727   -0.492995   -0.555931   -0.600419   -0.602878   -0.538938   -0.478953   -0.427020   -0.338456   -0.186858   -0.058390   -0.076966   -0.099107   -0.005783    0.097473    0.126413    0.083056    0.028837   -0.016698   -0.001695    0.030123    0.084316    0.080586    0.011821   -0.013811   -0.033385   -0.035238   -0.035016
   -0.212135   -0.234789   -0.260936   -0.291366   -0.339227   -0.396130   -0.430216   -0.410860   -0.312932   -0.189615   -0.191822   -0.265240   -0.352196   -0.456876   -0.539763   -0.543129   -0.515971   -0.468374   -0.424265   -0.362428   -0.283601   -0.217716   -0.201257   -0.130806    0.083608    0.299627    0.362472    0.299922    0.184864    0.062106   -0.015647    0.002354    0.053920    0.127959    0.125082    0.047145    0.015945   -0.008370   -0.015480   -0.014373
   -0.211223   -0.230300   -0.253439   -0.283901   -0.319353   -0.360508   -0.348549   -0.302247   -0.235749   -0.174228   -0.188809   -0.227452   -0.274340   -0.376197   -0.455756   -0.454826   -0.442455   -0.459438   -0.422035   -0.321169   -0.174209   -0.086261   -0.130554   -0.243715   -0.222933   -0.053046    0.136397    0.257035    0.291512    0.228624    0.141692    0.039855   -0.063051   -0.090409   -0.062321   -0.046887   -0.007832   -0.005394   -0.009042   -0.009204
   -0.206246   -0.221447   -0.244376   -0.279563   -0.303009   -0.296792   -0.203187   -0.126771   -0.127522   -0.137943   -0.157551   -0.162298   -0.248123   -0.459390   -0.556389   -0.446342   -0.361077   -0.357703   -0.298633   -0.169379   -0.065334   -0.016569    0.011236    0.042903    0.075593    0.074716    0.061291    0.028924   -0.068511   -0.174108   -0.201773   -0.149662   -0.131629   -0.082787   -0.000295    0.030881    0.047287    0.014775   -0.009582   -0.014649
   -0.198017   -0.211420   -0.242902   -0.297934   -0.345834   -0.332104   -0.199407   -0.049130    0.041368    0.111766    0.103638    0.034898   -0.104719   -0.294158   -0.387954   -0.398006   -0.465556   -0.522832   -0.500468   -0.489458   -0.524929   -0.601042   -0.594205   -0.421467   -0.202056   -0.093883   -0.072068   -0.082908   -0.105597   -0.098987   -0.065461   -0.036670   -0.005088    0.030604    0.038962   -0.003428   -0.009579   -0.025788   -0.035294   -0.032899
   -0.187831   -0.199573   -0.239776   -0.324553   -0.428590   -0.443622   -0.276798   -0.092094   -0.032492   -0.024513   -0.055751   -0.106503   -0.172414   -0.271310   -0.420501   -0.581132   -0.600259   -0.385663   -0.181362   -0.162666   -0.166735   -0.101820    0.032865    0.195384    0.284728    0.210730    0.037982   -0.144068   -0.271159   -0.291396   -0.241913   -0.162417   -0.101491   -0.063818   -0.031668   -0.043530   -0.032375   -0.039058   -0.045855   -0.044671
   -0.173227   -0.176198   -0.196399   -0.241806   -0.297565   -0.317904   -0.239996   -0.147076   -0.097643   -0.040165    0.005159    0.022672   -0.065908   -0.284754   -0.516953   -0.667158   -0.729859   -0.673291   -0.566072   -0.496875   -0.394249   -0.279418   -0.148029    0.032017    0.188545    0.203660    0.100151   -0.057299   -0.244311   -0.385831   -0.417375   -0.332959   -0.202616   -0.110909   -0.066399   -0.070087   -0.051721   -0.050946   -0.055770   -0.054062
   -0.157599   -0.156842   -0.168059   -0.193590   -0.224507   -0.231234   -0.185464   -0.149562   -0.152165   -0.108119   -0.006095    0.084466   -0.020120   -0.353374   -0.637763   -0.637274   -0.466135   -0.347559   -0.376000   -0.431971   -0.388527   -0.275114   -0.142950    0.007321    0.130391    0.153123    0.093007    0.013700   -0.052586   -0.113149   -0.191762   -0.213206   -0.182313   -0.136022   -0.105639   -0.102152   -0.080178   -0.075681   -0.078288   -0.075239
   -0.142075   -0.139542   -0.147103   -0.157654   -0.177776   -0.183080   -0.160038   -0.147991   -0.150546   -0.101086   -0.018379    0.026222   -0.135420   -0.518809   -0.812635   -0.757185   -0.510651   -0.311019   -0.267047   -0.279961   -0.244340   -0.177022   -0.116164   -0.074463   -0.066268   -0.081804   -0.093219   -0.086485   -0.089593   -0.111709   -0.169441   -0.197958   -0.182052   -0.151168   -0.125580   -0.118587   -0.101970   -0.091460   -0.090638   -0.088729
   -0.128386   -0.127920   -0.131345   -0.133881   -0.147989   -0.151724   -0.140418   -0.142806   -0.166667   -0.184732   -0.191982   -0.219226   -0.337105   -0.526361   -0.637428   -0.580405   -0.485546   -0.432532   -0.417225   -0.357844   -0.244195   -0.170523   -0.156903   -0.159899   -0.176926   -0.213999   -0.268075   -0.290590   -0.264794   -0.213700   -0.197160   -0.192300   -0.174915   -0.148238   -0.125952   -0.113709   -0.102094   -0.095567   -0.093390   -0.093056
   -0.117459   -0.116624   -0.122069   -0.123786   -0.132883   -0.133009   -0.118133   -0.107312   -0.117768   -0.139734   -0.167977   -0.197892   -0.256482   -0.344806   -0.403243   -0.378153   -0.331132   -0.316679   -0.361357   -0.436300   -0.469907   -0.423851   -0.320401   -0.247475   -0.254639   -0.291467   -0.300407   -0.263321   -0.208699   -0.170223   -0.161443   -0.160382   -0.151435   -0.135366   -0.119483   -0.117371   -0.110848   -0.103313   -0.102066   -0.101631
   -0.107863   -0.111379   -0.111460   -0.110753   -0.121187   -0.124255   -0.114711   -0.119206   -0.144526   -0.164853   -0.183390   -0.200958   -0.216585   -0.248979   -0.278120   -0.274504   -0.260498   -0.257573   -0.273861   -0.298758   -0.307279   -0.299781   -0.306676   -0.335065   -0.334367   -0.294717   -0.251028   -0.212637   -0.181233   -0.162314   -0.156052   -0.152742   -0.146546   -0.133978   -0.121484   -0.120174   -0.115689   -0.108795   -0.107317   -0.106601
   -0.095342   -0.095796   -0.101003   -0.097712   -0.106354   -0.109777   -0.106555   -0.113024   -0.139282   -0.180773   -0.218773   -0.241686   -0.229967   -0.206116   -0.207241   -0.217271   -0.231559   -0.242161   -0.275751   -0.330689   -0.375386   -0.392951   -0.368346   -0.328485   -0.290268   -0.253350   -0.216430   -0.180390   -0.154196   -0.138803   -0.134451   -0.133010   -0.128544   -0.123683   -0.117944   -0.114975   -0.111984   -0.109796   -0.108535   -0.107885
   -0.094327   -0.094630   -0.097109   -0.094248   -0.099857   -0.106284   -0.108772   -0.114369   -0.136821   -0.167419   -0.204954   -0.235919   -0.251355   -0.239840   -0.207711   -0.171254   -0.166302   -0.189104   -0.232015   -0.275469   -0.306744   -0.318083   -0.317188   -0.297684   -0.263865   -0.226089   -0.190135   -0.155610   -0.131910   -0.117766   -0.111934   -0.110103   -0.109590   -0.108086   -0.108628   -0.111760   -0.111051   -0.109605   -0.108485   -0.107835
   -0.093975   -0.094184   -0.095342   -0.094190   -0.097018   -0.103405   -0.110135   -0.116651   -0.131717   -0.159189   -0.188756   -0.216694   -0.237921   -0.251539   -0.260924   -0.257073   -0.234347   -0.193765   -0.157167   -0.145456   -0.159248   -0.192979   -0.222771   -0.236499   -0.230210   -0.209693   -0.182642   -0.153511   -0.132047   -0.117397   -0.106751   -0.102905   -0.102430   -0.104805   -0.106872   -0.109565   -0.110048   -0.109341   -0.108403   -0.107719
   -0.093639   -0.093773   -0.094007   -0.092926   -0.094759   -0.101676   -0.107341   -0.118738   -0.134144   -0.152155   -0.173472   -0.194416   -0.212458   -0.227054   -0.236910   -0.240295   -0.244953   -0.257153   -0.276186   -0.296383   -0.303824   -0.295366   -0.277739   -0.250068   -0.221597   -0.197738   -0.174280   -0.147996   -0.125831   -0.108618   -0.099275   -0.095343   -0.093406   -0.093395   -0.099162   -0.104043   -0.106733   -0.107574   -0.107471   -0.107150
   -0.093398   -0.093503   -0.093698   -0.094086   -0.092298   -0.098963   -0.103365   -0.111574   -0.122656   -0.136468   -0.152686   -0.170115   -0.186747   -0.197055   -0.206186   -0.214732   -0.220875   -0.228108   -0.234706   -0.244914   -0.252974   -0.252705   -0.242277   -0.225023   -0.205367   -0.180497   -0.152699   -0.126182   -0.109306   -0.095787   -0.085805   -0.079455   -0.080646   -0.086929   -0.094181   -0.100326   -0.104237   -0.105995   -0.106440   -0.106390
