:Data_list: Errors-today.txt
:Created: 2025 Dec 19 2300 UTC
# Prepared by the U.S. Dept. of Commerce, NOAA, Space Weather Prediction Center.
# Please send comments and suggestions to swpc.webmaster@noaa.gov
#
# Label: +70 = Estimated Error at 70N Geomagnetic latitude
# Label: +50 = Estimated Error at 50N Geomagnetic latitude
# Label: +30 = Estimated Error at 30N Geomagnetic latitude
# Label: -30 = Estimated Error at 30S Geomagnetic latitude
# Label: -50 = Estimated Error at 50S Geomagnetic latitude
# Label: -70 = Estimated Error at 70S Geomagnetic latitude
#
#           STORM Time Empirical Ionospheric Correction Model
#                          Estimated Average Error
#                   UTC  +70  +50  +30  -30  -50  -70
#                   ----------------------------------
                     0   0.22 0.13 0.13 0.10 0.10 0.10
                     1   0.22 0.13 0.13 0.10 0.10 0.10
                     2   0.22 0.13 0.13 0.10 0.10 0.10
                     3   0.22 0.13 0.13 0.10 0.10 0.10
                     4   0.22 0.13 0.13 0.10 0.10 0.10
                     5   0.22 0.13 0.12 0.10 0.10 0.10
                     6   0.22 0.13 0.12 0.10 0.10 0.10
                     7   0.22 0.12 0.12 0.10 0.10 0.10
                     8   0.22 0.12 0.12 0.10 0.10 0.10
                     9   0.22 0.12 0.12 0.10 0.10 0.10
                    10   0.22 0.12 0.12 0.10 0.10 0.10
                    11   0.22 0.12 0.12 0.10 0.10 0.10
                    12   0.22 0.12 0.12 0.10 0.10 0.10
                    13   0.22 0.12 0.12 0.10 0.10 0.10
                    14   0.22 0.12 0.12 0.10 0.10 0.10
                    15   0.22 0.12 0.12 0.10 0.10 0.10
#
#Estimated Standard Error of the Mean   Estimated Geophysical Variability
#  UTC  +70  +50  +30  -30  -50  -70      +70  +50  +30  -30  -50  -70
#-------------------------------------------------------------------------
    0   0.05 0.05 0.05 0.05 0.05 0.05     0.38 0.21 0.20 0.16 0.16 0.15
    1   0.05 0.05 0.05 0.05 0.05 0.05     0.38 0.20 0.20 0.16 0.16 0.15
    2   0.05 0.05 0.05 0.05 0.05 0.05     0.39 0.20 0.20 0.16 0.16 0.15
    3   0.05 0.05 0.05 0.05 0.05 0.05     0.39 0.20 0.20 0.16 0.16 0.15
    4   0.05 0.05 0.05 0.05 0.05 0.05     0.39 0.20 0.20 0.16 0.16 0.15
    5   0.05 0.05 0.05 0.05 0.05 0.05     0.39 0.20 0.20 0.16 0.16 0.15
    6   0.05 0.05 0.05 0.05 0.05 0.05     0.39 0.20 0.20 0.16 0.16 0.15
    7   0.05 0.05 0.05 0.05 0.05 0.05     0.39 0.20 0.20 0.16 0.16 0.15
    8   0.05 0.05 0.05 0.05 0.05 0.05     0.39 0.20 0.20 0.16 0.16 0.15
    9   0.05 0.05 0.05 0.05 0.05 0.05     0.39 0.20 0.20 0.16 0.16 0.15
   10   0.05 0.05 0.05 0.05 0.05 0.05     0.39 0.20 0.20 0.16 0.16 0.15
   11   0.05 0.05 0.05 0.05 0.05 0.05     0.39 0.20 0.20 0.16 0.16 0.15
   12   0.05 0.05 0.05 0.05 0.05 0.05     0.39 0.20 0.20 0.16 0.16 0.15
   13   0.05 0.05 0.05 0.05 0.05 0.05     0.39 0.20 0.20 0.16 0.16 0.15
   14   0.05 0.05 0.05 0.05 0.05 0.05     0.39 0.20 0.20 0.16 0.16 0.15
   15   0.05 0.05 0.05 0.05 0.05 0.05     0.39 0.20 0.20 0.16 0.16 0.15
