:Product: GEOALERT
:Issued: 2025 Dec 27 0330 UTC
# Prepared by the U.S. Dept. of Commerce, NOAA,
# Space Weather Prediction Center.
#
Geoalert WWA361
UGEOA 20401 51227 0330/ 9930/ 
11271 20271 30271
99999
UGEOE 20401 51227 0330/ 26/00
99999
UGEOI 20401 51227 0330/ 26///
10131 21660 3008/ 4///0 50000 61506 71704 80209 90740
99999
UGEOR 20401 51227 0330/ 26/24 27109
14312 20000 30000 47201 50030 60001 44819 01000
14316 20000 30000 47301 50010 60001 34508 00000
14317 20000 30200 45322 50230 60009 40611 15100
14319 20000 30000 44112 50030 60008 21510 01000
14320 20000 30000 41001 50010 60001 12705 00000
14321 20000 30000 44525 50290 60013 33610 16200
14322 20000 30000 42012 50010 60002 47713 01000
14323 20000 30000 41001 50010 60001 26112 00000
14324 20000 30000 44212 50120 60005 17528 00000
99999
