:Product: GEOALERT
:Issued: 2025 Dec 29 0330 UTC
# Prepared by the U.S. Dept. of Commerce, NOAA,
# Space Weather Prediction Center.
#
Geoalert WWA363
UGEOA 20401 51229 0330/ 9930/ 
11291 20291 30291
99999
UGEOE 20401 51229 0330/ 28/02
21032 2113/ 21232 21300 0//// 0//// 24707 94325
22012 2239/ 22542 24210 01302 03002 43108 94317
99999
UGEOI 20401 51229 0330/ 28///
10143 21881 3009/ 4///0 50200 61506 71704 80210 90990
99999
UGEOR 20401 51229 0330/ 28/24 29110
14312 20000 30000 47201 50020 60001 47419 01000
14316 20000 30000 41001 50010 60001 37207 00000
14317 20100 30010 44312 50110 60006 43412 03000
14319 20000 30000 42012 50010 60002 31212 01000
14321 20000 30000 44535 50510 60016 36411 16200
14323 20000 30000 47201 50020 60001 25314 01000
14324 20000 30000 44313 50230 60008 15125 03000
14325 20100 30100 44312 50070 60004 24409 04100
14326 20000 30000 42012 50000 60002 33403 01000
14327 20000 30000 42012 50010 60002 32120 01000
99999
