:Data_list: ace_mag_1m.txt
:Created: 2025 Dec 25 1009 UT
# Prepared by the U.S. Dept. of Commerce, NOAA, Space Weather Prediction Center
# Please send comments and suggestions to SWPC.Webmaster@noaa.gov 
# 
# Magnetometer values are in GSM coordinates.
# 
# Units: Bx, By, Bz, Bt in nT
# Units: Latitude  degrees +/-  90.0
# Units: Longitude degrees 0.0 - 360.0
# Status(S): 0 = nominal data, 1 to 8 = bad data record, 9 = no data
# Missing data values: -999.9
# Source: ACE Satellite - Magnetometer
#
#              1-minute averaged Real-time Interplanetary Magnetic Field Values 
# 
#                 Modified Seconds
# UT Date   Time  Julian   of the   ----------------  GSM Coordinates ---------------
# YR MO DA  HHMM    Day      Day    S     Bx      By      Bz      Bt     Lat.   Long.
#------------------------------------------------------------------------------------
2025 12 25  0809   61034   29340    9  -999.9  -999.9  -999.9  -999.9  -999.9  -999.9
2025 12 25  0810   61034   29400    9  -999.9  -999.9  -999.9  -999.9  -999.9  -999.9
2025 12 25  0811   61034   29460    9  -999.9  -999.9  -999.9  -999.9  -999.9  -999.9
2025 12 25  0812   61034   29520    9  -999.9  -999.9  -999.9  -999.9  -999.9  -999.9
2025 12 25  0813   61034   29580    9  -999.9  -999.9  -999.9  -999.9  -999.9  -999.9
2025 12 25  0814   61034   29640    9  -999.9  -999.9  -999.9  -999.9  -999.9  -999.9
2025 12 25  0815   61034   29700    0    -1.0     4.6    -2.8     5.5   -30.9   102.4
2025 12 25  0816   61034   29760    0    -0.7     4.6    -2.9     5.5   -31.6    98.3
2025 12 25  0817   61034   29820    0    -0.2     3.8    -3.4     5.1   -41.7    92.6
2025 12 25  0818   61034   29880    9  -999.9  -999.9  -999.9  -999.9  -999.9  -999.9
2025 12 25  0819   61034   29940    0    -0.7     4.3    -3.3     5.4   -36.9    99.1
2025 12 25  0820   61034   30000    0    -0.8     4.1    -3.4     5.4   -39.3   101.5
2025 12 25  0821   61034   30060    0    -1.1     3.8    -3.5     5.3   -42.2   106.2
2025 12 25  0822   61034   30120    0    -1.1     3.4    -2.9     4.6   -38.7   108.2
2025 12 25  0823   61034   30180    0    -2.9     4.4    -1.2     5.5   -13.2   123.3
2025 12 25  0824   61034   30240    0    -2.6     4.0    -2.5     5.4   -28.2   123.5
2025 12 25  0825   61034   30300    0    -2.6     3.7    -3.2     5.5   -35.0   125.8
2025 12 25  0826   61034   30360    0    -2.4     4.2    -1.7     5.2   -19.6   119.6
2025 12 25  0827   61034   30420    0    -1.8     3.6    -3.6     5.4   -41.6   116.9
2025 12 25  0828   61034   30480    0    -1.5     3.7    -3.5     5.3   -41.6   112.3
2025 12 25  0829   61034   30540    0    -0.5     3.5    -3.7     5.1   -46.2    98.6
2025 12 25  0830   61034   30600    0    -0.2     4.0    -4.1     5.8   -46.1    93.3
2025 12 25  0831   61034   30660    0    -4.0     2.8     2.0     5.3    22.6   144.6
2025 12 25  0832   61034   30720    0    -3.7     2.8     2.2     5.2    25.5   142.7
2025 12 25  0833   61034   30780    0    -3.6     3.0     2.1     5.2    24.1   140.9
2025 12 25  0834   61034   30840    0    -3.8     3.1    -0.1     4.9    -0.6   141.3
2025 12 25  0835   61034   30900    0    -4.6     2.9     0.5     5.4     5.4   147.4
2025 12 25  0836   61034   30960    0    -4.0     3.4     0.4     5.3     4.6   140.2
2025 12 25  0837   61034   31020    0    -3.4     3.8    -0.8     5.1    -9.3   131.4
2025 12 25  0838   61034   31080    0    -2.7     3.2    -1.2     4.4   -16.4   130.7
2025 12 25  0839   61034   31140    0    -3.8     3.6    -0.7     5.3    -8.0   136.5
2025 12 25  0840   61034   31200    0    -3.7     3.6    -0.6     5.2    -6.2   135.8
2025 12 25  0841   61034   31260    0    -3.4     3.8    -0.8     5.2    -9.0   131.5
2025 12 25  0842   61034   31320    0    -3.9     4.2    -0.5     5.7    -5.1   132.5
2025 12 25  0843   61034   31380    0    -3.6     3.8    -0.1     5.2    -1.2   133.7
2025 12 25  0844   61034   31440    0    -3.6     3.9    -0.4     5.3    -4.1   132.5
2025 12 25  0845   61034   31500    0    -3.0     4.1    -0.6     5.1    -7.3   126.0
2025 12 25  0846   61034   31560    0    -2.2     4.6    -2.8     5.9   -28.6   115.7
2025 12 25  0847   61034   31620    0    -2.5     4.1    -0.4     4.8    -4.6   120.7
2025 12 25  0848   61034   31680    0    -2.6     4.2    -0.4     5.0    -5.0   122.4
2025 12 25  0849   61034   31740    0    -3.4     3.7     0.8     5.0     8.9   132.5
2025 12 25  0850   61034   31800    0    -2.9     3.0    -0.2     4.2    -2.3   133.4
2025 12 25  0851   61034   31860    0    -3.2     3.8    -0.2     4.9    -2.1   130.3
2025 12 25  0852   61034   31920    0    -3.2     3.7    -0.6     4.9    -7.4   131.1
2025 12 25  0853   61034   31980    0    -3.2     3.7    -0.8     5.0    -9.5   131.3
2025 12 25  0854   61034   32040    0    -3.1     3.3    -0.7     4.6    -9.2   133.0
2025 12 25  0855   61034   32100    0    -3.3     3.6    -0.5     4.9    -6.0   131.9
2025 12 25  0856   61034   32160    0    -3.1     3.7    -0.6     4.9    -6.9   129.8
2025 12 25  0857   61034   32220    0    -3.0     3.8     0.0     4.8     0.1   127.9
2025 12 25  0858   61034   32280    0    -3.1     3.8     0.6     4.9     6.8   129.3
2025 12 25  0859   61034   32340    0    -2.7     4.0    -0.4     4.9    -4.7   123.9
2025 12 25  0900   61034   32400    0    -2.2     4.3    -0.7     4.9    -8.1   117.7
2025 12 25  0901   61034   32460    0    -2.4     4.1    -0.8     4.8    -9.4   120.9
2025 12 25  0902   61034   32520    0    -2.4     4.1    -1.7     5.1   -19.7   120.7
2025 12 25  0903   61034   32580    0    -2.1     3.2    -2.8     4.8   -36.5   124.2
2025 12 25  0904   61034   32640    0    -2.4     2.3    -3.4     4.7   -45.5   135.2
2025 12 25  0905   61034   32700    0    -2.3     3.4    -2.2     4.7   -27.8   123.5
2025 12 25  0906   61034   32760    0    -1.1     4.4    -1.5     4.8   -18.5   104.5
2025 12 25  0907   61034   32820    0    -1.5     4.5    -1.4     5.0   -16.6   108.6
2025 12 25  0908   61034   32880    0    -2.3     4.3    -1.3     5.1   -15.4   117.4
2025 12 25  0909   61034   32940    0    -2.3     4.1    -1.6     5.0   -19.1   119.3
2025 12 25  0910   61034   33000    0    -2.4     3.9    -1.1     4.7   -13.3   122.2
2025 12 25  0911   61034   33060    0    -1.1     4.3    -0.5     4.5    -7.1   104.8
2025 12 25  0912   61034   33120    0    -1.8     4.1    -0.8     4.5   -10.3   113.4
2025 12 25  0913   61034   33180    0    -2.1     4.1    -0.6     4.6    -7.1   117.1
2025 12 25  0914   61034   33240    0    -2.2     5.1    -0.0     5.6    -0.4   113.4
2025 12 25  0915   61034   33300    0    -1.0     3.9     0.5     4.1     7.2   104.9
2025 12 25  0916   61034   33360    0    -1.4     4.7     0.3     4.9     3.0   105.9
2025 12 25  0917   61034   33420    0    -1.5     4.6     0.1     4.8     1.4   107.8
2025 12 25  0918   61034   33480    0    -0.7     4.2    -1.0     4.4   -12.7    99.5
2025 12 25  0919   61034   33540    0    -1.3     4.7     0.1     4.9     1.0   106.1
2025 12 25  0920   61034   33600    0    -1.4     4.6     0.0     4.8     0.5   107.3
2025 12 25  0921   61034   33660    0    -2.1     3.4     0.3     4.0     3.6   121.4
2025 12 25  0922   61034   33720    0    -5.0     0.4     0.9     5.1     9.9   175.0
2025 12 25  0923   61034   33780    0    -4.9     1.5     0.9     5.2     9.4   162.9
2025 12 25  0924   61034   33840    0    -4.8     2.1    -0.3     5.2    -3.5   156.6
2025 12 25  0925   61034   33900    0    -4.9     1.9    -0.5     5.3    -5.3   158.5
2025 12 25  0926   61034   33960    0    -5.2     2.7     0.4     5.9     3.5   152.1
2025 12 25  0927   61034   34020    0    -5.4     0.7    -0.7     5.5    -7.2   172.6
2025 12 25  0928   61034   34080    0    -5.6     0.2     0.1     5.6     0.9   177.5
2025 12 25  0929   61034   34140    0    -5.2     1.0     0.7     5.4     8.0   169.5
2025 12 25  0930   61034   34200    0    -5.3     0.9    -0.1     5.4    -0.7   169.8
2025 12 25  0931   61034   34260    0    -4.6     0.6    -2.4     5.2   -27.3   173.1
2025 12 25  0932   61034   34320    0    -4.6     0.5    -2.3     5.2   -26.3   174.2
2025 12 25  0933   61034   34380    0    -4.7     2.1    -1.4     5.3   -15.3   156.1
2025 12 25  0934   61034   34440    0    -4.4     2.3    -2.0     5.3   -21.9   151.8
2025 12 25  0935   61034   34500    0    -4.1    -0.0    -3.5     5.3   -40.5   180.6
2025 12 25  0936   61034   34560    0    -4.5     1.0    -2.9     5.5   -32.4   167.0
2025 12 25  0937   61034   34620    0    -4.8     2.1    -1.9     5.6   -20.2   156.2
2025 12 25  0938   61034   34680    0    -4.8     2.0    -1.1     5.3   -11.5   157.6
2025 12 25  0939   61034   34740    0    -4.4     1.7    -1.0     4.8   -12.0   158.6
2025 12 25  0940   61034   34800    0    -3.7     1.3     1.0     4.0    14.8   161.1
2025 12 25  0941   61034   34860    0    -3.4     1.1     1.5     3.9    23.7   161.6
2025 12 25  0942   61034   34920    0    -3.2     1.0     1.8     3.8    27.7   162.5
2025 12 25  0943   61034   34980    0    -3.1     0.9     1.5     3.6    25.8   164.5
2025 12 25  0944   61034   35040    0    -3.3    -0.2     0.8     3.4    14.1   183.4
2025 12 25  0945   61034   35100    0    -3.3     0.3     1.2     3.5    19.5   175.3
2025 12 25  0946   61034   35160    0    -3.6     1.1     1.4     4.0    20.3   163.3
2025 12 25  0947   61034   35220    0    -3.6     0.8     1.4     4.0    21.3   167.1
2025 12 25  0948   61034   35280    0    -3.6     0.1     0.9     3.7    14.9   178.7
2025 12 25  0949   61034   35340    0    -3.7     0.0     0.8     3.8    12.5   179.3
2025 12 25  0950   61034   35400    0    -4.6     0.3     0.8     4.7     9.5   176.6
2025 12 25  0951   61034   35460    0    -4.9    -0.8     0.5     5.0     5.8   189.6
2025 12 25  0952   61034   35520    0    -5.2    -1.0    -0.1     5.3    -1.4   190.6
2025 12 25  0953   61034   35580    0    -5.4    -1.0     0.2     5.4     1.9   190.1
2025 12 25  0954   61034   35640    0    -5.3    -1.0     0.2     5.4     2.1   190.7
2025 12 25  0955   61034   35700    0    -5.0    -1.7     0.3     5.3     3.0   198.7
2025 12 25  0956   61034   35760    0    -5.1    -1.3     0.1     5.3     1.1   194.0
2025 12 25  0957   61034   35820    0    -5.2    -1.5     0.1     5.4     1.5   196.0
2025 12 25  0958   61034   35880    0    -5.2    -0.9    -0.3     5.3    -3.3   189.7
2025 12 25  0959   61034   35940    9  -999.9  -999.9  -999.9  -999.9  -999.9  -999.9
2025 12 25  1000   61034   36000    9  -999.9  -999.9  -999.9  -999.9  -999.9  -999.9
2025 12 25  1001   61034   36060    9  -999.9  -999.9  -999.9  -999.9  -999.9  -999.9
2025 12 25  1002   61034   36120    9  -999.9  -999.9  -999.9  -999.9  -999.9  -999.9
2025 12 25  1003   61034   36180    9  -999.9  -999.9  -999.9  -999.9  -999.9  -999.9
2025 12 25  1004   61034   36240    9  -999.9  -999.9  -999.9  -999.9  -999.9  -999.9
2025 12 25  1005   61034   36300    0    -3.2     0.6    -0.0     3.3    -0.2   169.5
2025 12 25  1006   61034   36360    0    -2.9     0.3     0.6     3.0    11.7   173.7
2025 12 25  1007   61034   36420    0    -2.6     0.3     0.3     2.7     6.2   173.6
