:Data_list: ace_mag_1m.txt
:Created: 2025 Dec 22 0137 UT
# Prepared by the U.S. Dept. of Commerce, NOAA, Space Weather Prediction Center
# Please send comments and suggestions to SWPC.Webmaster@noaa.gov 
# 
# Magnetometer values are in GSM coordinates.
# 
# Units: Bx, By, Bz, Bt in nT
# Units: Latitude  degrees +/-  90.0
# Units: Longitude degrees 0.0 - 360.0
# Status(S): 0 = nominal data, 1 to 8 = bad data record, 9 = no data
# Missing data values: -999.9
# Source: ACE Satellite - Magnetometer
#
#              1-minute averaged Real-time Interplanetary Magnetic Field Values 
# 
#                 Modified Seconds
# UT Date   Time  Julian   of the   ----------------  GSM Coordinates ---------------
# YR MO DA  HHMM    Day      Day    S     Bx      By      Bz      Bt     Lat.   Long.
#------------------------------------------------------------------------------------
2025 12 21  2337   61030   85020    0    -8.2    -0.1    -1.0     8.2    -6.7   180.8
2025 12 21  2338   61030   85080    0    -8.0     1.0    -0.8     8.1    -5.6   172.9
2025 12 21  2339   61030   85140    0    -7.9     1.4    -1.1     8.1    -7.8   170.2
2025 12 21  2340   61030   85200    0    -8.2     1.3    -1.0     8.3    -7.1   171.2
2025 12 21  2341   61030   85260    0    -8.0     1.1    -0.7     8.1    -5.0   172.4
2025 12 21  2342   61030   85320    0    -8.0    -0.0    -1.9     8.3   -13.1   180.3
2025 12 21  2343   61030   85380    0    -7.9     0.1    -1.6     8.1   -11.2   179.0
2025 12 21  2344   61030   85440    0    -8.0     0.2    -1.2     8.1    -8.8   178.4
2025 12 21  2345   61030   85500    0    -8.0     0.3    -1.8     8.2   -12.8   177.9
2025 12 21  2346   61030   85560    0    -8.1     0.4    -0.8     8.2    -5.8   177.3
2025 12 21  2347   61030   85620    0    -8.1     0.5    -1.1     8.2    -7.5   176.7
2025 12 21  2348   61030   85680    0    -8.0     0.7    -1.5     8.2   -10.4   175.4
2025 12 21  2349   61030   85740    0    -8.1     0.9    -1.3     8.2    -9.4   173.6
2025 12 21  2350   61030   85800    0    -7.8     1.6    -0.8     8.0    -6.0   168.3
2025 12 21  2351   61030   85860    0    -7.8     1.8    -0.8     8.1    -5.4   167.4
2025 12 21  2352   61030   85920    0    -7.9     1.5    -0.8     8.0    -5.6   169.5
2025 12 21  2353   61030   85980    0    -7.8     1.2    -0.8     7.9    -5.6   170.9
2025 12 21  2354   61030   86040    0    -7.8     1.5    -0.5     8.0    -3.6   169.1
2025 12 21  2355   61030   86100    0    -7.9     1.8    -0.7     8.1    -4.8   167.2
2025 12 21  2356   61030   86160    0    -7.8     1.2    -0.8     8.0    -5.9   171.1
2025 12 21  2357   61030   86220    0    -8.0     1.2    -0.7     8.1    -5.3   171.4
2025 12 21  2358   61030   86280    0    -7.6     1.2    -1.2     7.8    -8.7   171.3
2025 12 21  2359   61030   86340    0    -7.6     0.7    -1.7     7.9   -12.6   175.1
2025 12 22  0000   61031       0    0    -7.6     0.3    -1.7     7.7   -12.8   178.0
2025 12 22  0001   61031      60    0    -7.5     0.4    -1.8     7.7   -13.2   176.8
2025 12 22  0002   61031     120    0    -7.5    -0.3    -1.7     7.7   -12.7   182.1
2025 12 22  0003   61031     180    0    -7.6    -0.3    -1.8     7.8   -13.3   182.4
2025 12 22  0004   61031     240    0    -8.0     0.8    -1.5     8.2   -10.9   174.3
2025 12 22  0005   61031     300    0    -8.0     0.4    -1.8     8.2   -12.5   177.2
2025 12 22  0006   61031     360    0    -7.8    -2.1    -2.4     8.4   -16.7   194.9
2025 12 22  0007   61031     420    0    -8.1    -0.7    -2.2     8.4   -15.2   184.9
2025 12 22  0008   61031     480    0    -8.2    -0.5    -1.6     8.3   -10.8   183.6
2025 12 22  0009   61031     540    0    -7.7    -2.0    -2.7     8.4   -18.8   194.6
2025 12 22  0010   61031     600    0    -7.2    -1.7    -4.0     8.4   -28.2   193.1
2025 12 22  0011   61031     660    0    -7.5    -0.7    -3.8     8.5   -26.7   184.9
2025 12 22  0012   61031     720    0    -7.4     0.7    -3.6     8.3   -26.0   174.5
2025 12 22  0013   61031     780    0    -7.7     0.6    -3.5     8.5   -24.7   175.2
2025 12 22  0014   61031     840    0    -7.6     2.0    -2.7     8.3   -19.3   164.9
2025 12 22  0015   61031     900    0    -7.9     2.5    -1.8     8.5   -12.2   162.4
2025 12 22  0016   61031     960    0    -7.8     2.1    -2.7     8.5   -18.7   165.1
2025 12 22  0017   61031    1020    0    -7.9     2.5    -1.9     8.5   -13.2   162.6
2025 12 22  0018   61031    1080    0    -7.7     2.1    -3.2     8.6   -22.1   164.5
2025 12 22  0019   61031    1140    0    -6.5     4.3    -3.0     8.3   -21.1   146.5
2025 12 22  0020   61031    1200    0    -7.0     3.1    -3.4     8.4   -24.1   155.7
2025 12 22  0021   61031    1260    0    -7.0     2.3    -3.5     8.2   -25.5   161.8
2025 12 22  0022   61031    1320    0    -7.2     2.7    -3.0     8.3   -21.1   159.6
2025 12 22  0023   61031    1380    0    -6.1     2.9    -4.8     8.3   -35.1   154.9
2025 12 22  0024   61031    1440    0    -6.1     3.4    -4.4     8.3   -32.1   150.5
2025 12 22  0025   61031    1500    0    -6.0     3.2    -4.4     8.1   -32.7   152.3
2025 12 22  0026   61031    1560    0    -6.5     0.9    -5.0     8.2   -36.9   172.2
2025 12 22  0027   61031    1620    0    -6.6     0.8    -4.9     8.3   -36.2   173.3
2025 12 22  0028   61031    1680    0    -6.5     0.2    -5.1     8.3   -37.9   178.4
2025 12 22  0029   61031    1740    0    -6.0     1.0    -5.1     8.0   -40.0   170.2
2025 12 22  0030   61031    1800    0    -6.3    -1.8    -4.8     8.1   -36.0   196.2
2025 12 22  0031   61031    1860    0    -6.4    -1.2    -5.1     8.2   -38.0   190.4
2025 12 22  0032   61031    1920    0    -6.0    -1.4    -5.2     8.1   -40.3   193.2
2025 12 22  0033   61031    1980    0    -6.6    -0.3    -4.5     8.0   -34.3   182.8
2025 12 22  0034   61031    2040    0    -7.0     3.5    -2.2     8.1   -15.7   153.6
2025 12 22  0035   61031    2100    0    -6.3     5.2    -0.7     8.2    -4.6   140.7
2025 12 22  0036   61031    2160    0    -6.4     5.1    -2.0     8.4   -13.6   141.5
2025 12 22  0037   61031    2220    0    -6.4     5.2    -1.1     8.3    -7.9   141.2
2025 12 22  0038   61031    2280    0    -5.6     5.8     0.5     8.1     3.6   133.9
2025 12 22  0039   61031    2340    0    -5.2     6.0     1.5     8.1    10.8   131.2
2025 12 22  0040   61031    2400    0    -6.3     5.2    -0.0     8.2    -0.0   140.4
2025 12 22  0041   61031    2460    0    -5.5     6.3     2.0     8.6    13.4   131.5
2025 12 22  0042   61031    2520    0    -6.5     5.5     1.1     8.6     7.6   140.2
2025 12 22  0043   61031    2580    0    -4.3     7.4     2.1     8.8    13.8   120.0
2025 12 22  0044   61031    2640    0    -6.2     6.3     2.2     9.1    14.0   134.5
2025 12 22  0045   61031    2700    0    -7.3     3.7     2.7     8.7    17.9   153.2
2025 12 22  0046   61031    2760    0    -8.0     3.3     3.1     9.2    19.5   157.4
2025 12 22  0047   61031    2820    0    -7.7     4.2     2.7     9.2    16.8   151.7
2025 12 22  0048   61031    2880    0    -7.7     3.5     3.6     9.2    23.1   155.9
2025 12 22  0049   61031    2940    0    -7.9     2.7     3.6     9.0    23.2   161.4
2025 12 22  0050   61031    3000    0    -7.9     4.1     2.9     9.4    18.1   152.4
2025 12 22  0051   61031    3060    0    -8.3     3.0     3.0     9.4    18.8   159.9
2025 12 22  0052   61031    3120    0    -7.5     4.8     2.0     9.1    12.8   147.1
2025 12 22  0053   61031    3180    0    -6.3     6.5     1.2     9.1     7.4   134.3
2025 12 22  0054   61031    3240    0    -6.3     6.4     1.3     9.1     8.4   134.7
2025 12 22  0055   61031    3300    0    -6.5     6.4     1.2     9.2     7.2   135.5
2025 12 22  0056   61031    3360    0    -6.5     6.5     0.3     9.2     2.1   135.3
2025 12 22  0057   61031    3420    0    -6.5     6.5    -0.6     9.2    -3.8   134.9
2025 12 22  0058   61031    3480    0    -6.2     6.5    -0.1     8.9    -0.7   133.7
2025 12 22  0059   61031    3540    0    -5.7     6.6    -0.6     8.7    -4.0   130.6
2025 12 22  0100   61031    3600    0    -7.2     4.9     1.6     8.9    10.6   146.1
2025 12 22  0101   61031    3660    0    -6.8     5.7     1.8     9.1    11.2   140.1
2025 12 22  0102   61031    3720    0    -7.3     5.5     1.4     9.3     8.6   143.1
2025 12 22  0103   61031    3780    0    -7.4     5.3     1.4     9.2     8.6   144.0
2025 12 22  0104   61031    3840    0    -7.4     5.2     1.3     9.2     7.9   145.0
2025 12 22  0105   61031    3900    0    -7.5     5.0     1.2     9.1     7.4   146.2
2025 12 22  0106   61031    3960    0    -6.7     5.7     2.3     9.1    14.3   139.5
2025 12 22  0107   61031    4020    0    -6.1     6.4     1.7     9.0    11.2   133.5
2025 12 22  0108   61031    4080    0    -5.3     7.0     1.9     9.0    12.0   127.3
2025 12 22  0109   61031    4140    0    -5.5     7.0     1.3     9.0     8.0   128.0
2025 12 22  0110   61031    4200    0    -4.1     7.5     1.6     8.7    10.8   118.3
2025 12 22  0111   61031    4260    0    -5.0     7.2     1.6     8.9    10.3   124.8
2025 12 22  0112   61031    4320    0    -5.8     6.7     0.6     8.9     4.1   130.5
2025 12 22  0113   61031    4380    0    -6.2     6.7     0.1     9.2     0.3   132.8
2025 12 22  0114   61031    4440    0    -6.5     6.4     0.6     9.1     3.6   135.1
2025 12 22  0115   61031    4500    0    -5.7     6.9    -0.4     9.0    -2.4   129.5
2025 12 22  0116   61031    4560    0    -6.6     5.9     0.2     8.8     1.2   138.1
2025 12 22  0117   61031    4620    0    -6.2     6.2     0.6     8.8     3.6   135.1
2025 12 22  0118   61031    4680    0    -6.1     6.4    -1.2     8.9    -8.0   133.6
2025 12 22  0119   61031    4740    0    -3.2     6.0    -4.4     8.1   -32.6   118.3
2025 12 22  0120   61031    4800    0    -7.0     5.0     0.3     8.6     1.9   144.2
2025 12 22  0121   61031    4860    0    -7.3     5.5     0.7     9.2     4.1   142.7
2025 12 22  0122   61031    4920    0    -7.0     5.9     1.2     9.2     7.6   140.2
2025 12 22  0123   61031    4980    0    -6.9     5.7     1.7     9.1    10.5   140.4
2025 12 22  0124   61031    5040    0    -6.7     5.5     2.0     8.9    13.1   140.8
2025 12 22  0125   61031    5100    0    -6.0     5.6     2.3     8.6    15.9   136.7
2025 12 22  0126   61031    5160    0    -7.1     5.4    -0.1     8.9    -0.7   142.8
2025 12 22  0127   61031    5220    0    -6.7     5.0     0.2     8.3     1.6   143.4
2025 12 22  0128   61031    5280    0    -7.5     2.6    -1.9     8.1   -13.3   160.9
2025 12 22  0129   61031    5340    0    -8.4     2.3    -0.5     8.7    -3.1   164.6
2025 12 22  0130   61031    5400    0    -8.6     0.6    -1.2     8.8    -8.0   175.7
2025 12 22  0131   61031    5460    0    -8.7     0.6    -1.1     8.8    -7.0   175.7
2025 12 22  0132   61031    5520    0    -8.8     1.5     0.0     8.9     0.3   170.5
2025 12 22  0133   61031    5580    0    -8.6     2.0     1.3     9.0     8.5   167.1
2025 12 22  0134   61031    5640    0    -8.3     0.9     2.6     8.7    17.5   173.8
2025 12 22  0135   61031    5700    0    -7.7     1.0     3.7     8.6    25.2   172.9
