# DRAP Tabular Values
# Product: D-Region Absorption         /images/drap2_tab.txt
# Product Valid At : 2025-12-23 03:35 UTC
#
# Prepared by the U.S. Dept. of Commerce, NOAA, Space Weather Prediction Center.
# Please send comments and suggestions to SWPC.Webmaster@noaa.gov
#
# Estimated Recovery Time : No Estimate
#
#  X-RAY Message : Normal X-ray Background
#
#  X-RAY Warning :  
#
#  Proton Message : Normal Proton Background
#
#  Proton Warning : 
#
# Frequency (MHz) as a function of Latitude and Longitude
#
      -178 -174 -170 -166 -162 -158 -154 -150 -146 -142 -138 -134 -130 -126 -122 -118 -114 -110 -106 -102  -98  -94  -90  -86  -82  -78  -74  -70  -66  -62  -58  -54  -50  -46  -42  -38  -34  -30  -26  -22  -18  -14  -10   -6   -2    2    6   10   14   18   22   26   30   34   38   42   46   50   54   58   62   66   70   74   78   82   86   90   94   98  102  106  110  114  118  122  126  130  134  138  142  146  150  154  158  162  166  170  174  178
------------------------------------------------------------------------------------------------------------------------------------------------------------------------------------------------------------------------------------------------------------------------------------------------------------------------------------------------------------------------------------------------------------------------------------------------------------------------
 89 |  0.0  0.0  0.0  0.0  0.0  0.0  0.0  0.0  0.0  0.0  0.0  0.0  0.0  0.0  0.0  0.0  0.0  0.0  0.0  0.0  0.0  0.0  0.0  0.0  0.0  0.0  0.0  0.0  0.0  0.0  0.0  0.0  0.0  0.0  0.0  0.0  0.0  0.0  0.0  0.0  0.0  0.0  0.0  0.0  0.0  0.0  0.0  0.0  0.0  0.0  0.0  0.0  0.0  0.0  0.0  0.0  0.0  0.0  0.0  0.0  0.0  0.0  0.0  0.0  0.0  0.0  0.0  0.0  0.0  0.0  0.0  0.0  0.0  0.0  0.0  0.0  0.0  0.0  0.0  0.0  0.0  0.0  0.0  0.0  0.0  0.0  0.0  0.0  0.0  0.0
 87 |  0.0  0.0  0.0  0.0  0.0  0.0  0.0  0.0  0.0  0.0  0.0  0.0  0.0  0.0  0.0  0.0  0.0  0.0  0.0  0.0  0.0  0.0  0.0  0.0  0.0  0.0  0.0  0.0  0.0  0.0  0.0  0.0  0.0  0.0  0.0  0.0  0.0  0.0  0.0  0.0  0.0  0.0  0.0  0.0  0.0  0.0  0.0  0.0  0.0  0.0  0.0  0.0  0.0  0.0  0.0  0.0  0.0  0.0  0.0  0.0  0.0  0.0  0.0  0.0  0.0  0.0  0.0  0.0  0.0  0.0  0.0  0.0  0.0  0.0  0.0  0.0  0.0  0.0  0.0  0.0  0.0  0.0  0.0  0.0  0.0  0.0  0.0  0.0  0.0  0.0
 85 |  0.0  0.0  0.0  0.0  0.0  0.0  0.0  0.0  0.0  0.0  0.0  0.0  0.0  0.0  0.0  0.0  0.0  0.0  0.0  0.0  0.0  0.0  0.0  0.0  0.0  0.0  0.0  0.0  0.0  0.0  0.0  0.0  0.0  0.0  0.0  0.0  0.0  0.0  0.0  0.0  0.0  0.0  0.0  0.0  0.0  0.0  0.0  0.0  0.0  0.0  0.0  0.0  0.0  0.0  0.0  0.0  0.0  0.0  0.0  0.0  0.0  0.0  0.0  0.0  0.0  0.0  0.0  0.0  0.0  0.0  0.0  0.0  0.0  0.0  0.0  0.0  0.0  0.0  0.0  0.0  0.0  0.0  0.0  0.0  0.0  0.0  0.0  0.0  0.0  0.0
 83 |  0.0  0.0  0.0  0.0  0.0  0.0  0.0  0.0  0.0  0.0  0.0  0.0  0.0  0.0  0.0  0.0  0.0  0.0  0.0  0.0  0.0  0.0  0.0  0.0  0.0  0.0  0.0  0.0  0.0  0.0  0.0  0.0  0.0  0.0  0.0  0.0  0.0  0.0  0.0  0.0  0.0  0.0  0.0  0.0  0.0  0.0  0.0  0.0  0.0  0.0  0.0  0.0  0.0  0.0  0.0  0.0  0.0  0.0  0.0  0.0  0.0  0.0  0.0  0.0  0.0  0.0  0.0  0.0  0.0  0.0  0.0  0.0  0.0  0.0  0.0  0.0  0.0  0.0  0.0  0.0  0.0  0.0  0.0  0.0  0.0  0.0  0.0  0.0  0.0  0.0
 81 |  0.0  0.0  0.0  0.0  0.0  0.0  0.0  0.0  0.0  0.0  0.0  0.0  0.0  0.0  0.0  0.0  0.0  0.0  0.0  0.0  0.0  0.0  0.0  0.0  0.0  0.0  0.0  0.0  0.0  0.0  0.0  0.0  0.0  0.0  0.0  0.0  0.0  0.0  0.0  0.0  0.0  0.0  0.0  0.0  0.0  0.0  0.0  0.0  0.0  0.0  0.0  0.0  0.0  0.0  0.0  0.0  0.0  0.0  0.0  0.0  0.0  0.0  0.0  0.0  0.0  0.0  0.0  0.0  0.0  0.0  0.0  0.0  0.0  0.0  0.0  0.0  0.0  0.0  0.0  0.0  0.0  0.0  0.0  0.0  0.0  0.0  0.0  0.0  0.0  0.0
 79 |  0.0  0.0  0.0  0.0  0.0  0.0  0.0  0.0  0.0  0.0  0.0  0.0  0.0  0.0  0.0  0.0  0.0  0.0  0.0  0.0  0.0  0.0  0.0  0.0  0.0  0.0  0.0  0.0  0.0  0.0  0.0  0.0  0.0  0.0  0.0  0.0  0.0  0.0  0.0  0.0  0.0  0.0  0.0  0.0  0.0  0.0  0.0  0.0  0.0  0.0  0.0  0.0  0.0  0.0  0.0  0.0  0.0  0.0  0.0  0.0  0.0  0.0  0.0  0.0  0.0  0.0  0.0  0.0  0.0  0.0  0.0  0.0  0.0  0.0  0.0  0.0  0.0  0.0  0.0  0.0  0.0  0.0  0.0  0.0  0.0  0.0  0.0  0.0  0.0  0.0
 77 |  0.0  0.0  0.0  0.0  0.0  0.0  0.0  0.0  0.0  0.0  0.0  0.0  0.0  0.0  0.0  0.0  0.0  0.0  0.0  0.0  0.0  0.0  0.0  0.0  0.0  0.0  0.0  0.0  0.0  0.0  0.0  0.0  0.0  0.0  0.0  0.0  0.0  0.0  0.0  0.0  0.0  0.0  0.0  0.0  0.0  0.0  0.0  0.0  0.0  0.0  0.0  0.0  0.0  0.0  0.0  0.0  0.0  0.0  0.0  0.0  0.0  0.0  0.0  0.0  0.0  0.0  0.0  0.0  0.0  0.0  0.0  0.0  0.0  0.0  0.0  0.0  0.0  0.0  0.0  0.0  0.0  0.0  0.0  0.0  0.0  0.0  0.0  0.0  0.0  0.0
 75 |  0.0  0.0  0.0  0.0  0.0  0.0  0.0  0.0  0.0  0.0  0.0  0.0  0.0  0.0  0.0  0.0  0.0  0.0  0.0  0.0  0.0  0.0  0.0  0.0  0.0  0.0  0.0  0.0  0.0  0.0  0.0  0.0  0.0  0.0  0.0  0.0  0.0  0.0  0.0  0.0  0.0  0.0  0.0  0.0  0.0  0.0  0.0  0.0  0.0  0.0  0.0  0.0  0.0  0.0  0.0  0.0  0.0  0.0  0.0  0.0  0.0  0.0  0.0  0.0  0.0  0.0  0.0  0.0  0.0  0.0  0.0  0.0  0.0  0.0  0.0  0.0  0.0  0.0  0.0  0.0  0.0  0.0  0.0  0.0  0.0  0.0  0.0  0.0  0.0  0.0
 73 |  0.0  0.0  0.0  0.0  0.0  0.0  0.0  0.0  0.0  0.0  0.0  0.0  0.0  0.0  0.0  0.0  0.0  0.0  0.0  0.0  0.0  0.0  0.0  0.0  0.0  0.0  0.0  0.0  0.0  0.0  0.0  0.0  0.0  0.0  0.0  0.0  0.0  0.0  0.0  0.0  0.0  0.0  0.0  0.0  0.0  0.0  0.0  0.0  0.0  0.0  0.0  0.0  0.0  0.0  0.0  0.0  0.0  0.0  0.0  0.0  0.0  0.0  0.0  0.0  0.0  0.0  0.0  0.0  0.0  0.0  0.0  0.0  0.0  0.0  0.0  0.0  0.0  0.0  0.0  0.0  0.0  0.0  0.0  0.0  0.0  0.0  0.0  0.0  0.0  0.0
 71 |  0.0  0.0  0.0  0.0  0.0  0.0  0.0  0.0  0.0  0.0  0.0  0.0  0.0  0.0  0.0  0.0  0.0  0.0  0.0  0.0  0.0  0.0  0.0  0.0  0.0  0.0  0.0  0.0  0.0  0.0  0.0  0.0  0.0  0.0  0.0  0.0  0.0  0.0  0.0  0.0  0.0  0.0  0.0  0.0  0.0  0.0  0.0  0.0  0.0  0.0  0.0  0.0  0.0  0.0  0.0  0.0  0.0  0.0  0.0  0.0  0.0  0.0  0.0  0.0  0.0  0.0  0.0  0.0  0.0  0.0  0.0  0.0  0.0  0.0  0.0  0.0  0.0  0.0  0.0  0.0  0.0  0.0  0.0  0.0  0.0  0.0  0.0  0.0  0.0  0.0
 69 |  0.0  0.0  0.0  0.0  0.0  0.0  0.0  0.0  0.0  0.0  0.0  0.0  0.0  0.0  0.0  0.0  0.0  0.0  0.0  0.0  0.0  0.0  0.0  0.0  0.0  0.0  0.0  0.0  0.0  0.0  0.0  0.0  0.0  0.0  0.0  0.0  0.0  0.0  0.0  0.0  0.0  0.0  0.0  0.0  0.0  0.0  0.0  0.0  0.0  0.0  0.0  0.0  0.0  0.0  0.0  0.0  0.0  0.0  0.0  0.0  0.0  0.0  0.0  0.0  0.0  0.0  0.0  0.0  0.0  0.0  0.0  0.0  0.0  0.0  0.0  0.0  0.0  0.0  0.0  0.0  0.0  0.0  0.0  0.0  0.0  0.0  0.0  0.0  0.0  0.0
 67 |  0.0  0.0  0.0  0.0  0.0  0.0  0.0  0.0  0.0  0.0  0.0  0.0  0.0  0.0  0.0  0.0  0.0  0.0  0.0  0.0  0.0  0.0  0.0  0.0  0.0  0.0  0.0  0.0  0.0  0.0  0.0  0.0  0.0  0.0  0.0  0.0  0.0  0.0  0.0  0.0  0.0  0.0  0.0  0.0  0.0  0.0  0.0  0.0  0.0  0.0  0.0  0.0  0.0  0.0  0.0  0.0  0.0  0.0  0.0  0.0  0.0  0.0  0.0  0.0  0.0  0.0  0.0  0.0  0.0  0.0  0.0  0.0  0.0  0.0  0.0  0.0  0.0  0.0  0.0  0.0  0.0  0.0  0.0  0.0  0.0  0.0  0.0  0.0  0.0  0.0
 65 |  0.0  0.0  0.0  0.0  0.0  0.0  0.0  0.0  0.0  0.0  0.0  0.0  0.0  0.0  0.0  0.0  0.0  0.0  0.0  0.0  0.0  0.0  0.0  0.0  0.0  0.0  0.0  0.0  0.0  0.0  0.0  0.0  0.0  0.0  0.0  0.0  0.0  0.0  0.0  0.0  0.0  0.0  0.0  0.0  0.0  0.0  0.0  0.0  0.0  0.0  0.0  0.0  0.0  0.0  0.0  0.0  0.0  0.0  0.0  0.0  0.0  0.0  0.0  0.0  0.0  0.0  0.0  0.0  0.0  0.0  0.0  0.1  0.2  0.2  0.3  0.3  0.3  0.3  0.3  0.3  0.2  0.1  0.0  0.0  0.0  0.0  0.0  0.0  0.0  0.0
 63 |  0.0  0.0  0.0  0.0  0.0  0.0  0.0  0.0  0.0  0.0  0.0  0.0  0.0  0.0  0.0  0.0  0.0  0.0  0.0  0.0  0.0  0.0  0.0  0.0  0.0  0.0  0.0  0.0  0.0  0.0  0.0  0.0  0.0  0.0  0.0  0.0  0.0  0.0  0.0  0.0  0.0  0.0  0.0  0.0  0.0  0.0  0.0  0.0  0.0  0.0  0.0  0.0  0.0  0.0  0.0  0.0  0.0  0.0  0.0  0.0  0.0  0.0  0.0  0.0  0.0  0.0  0.0  0.0  0.0  0.2  0.3  0.4  0.5  0.6  0.6  0.6  0.6  0.6  0.6  0.6  0.5  0.4  0.3  0.2  0.0  0.0  0.0  0.0  0.0  0.0
 61 |  0.0  0.0  0.0  0.0  0.0  0.0  0.0  0.0  0.0  0.0  0.0  0.0  0.0  0.0  0.0  0.0  0.0  0.0  0.0  0.0  0.0  0.0  0.0  0.0  0.0  0.0  0.0  0.0  0.0  0.0  0.0  0.0  0.0  0.0  0.0  0.0  0.0  0.0  0.0  0.0  0.0  0.0  0.0  0.0  0.0  0.0  0.0  0.0  0.0  0.0  0.0  0.0  0.0  0.0  0.0  0.0  0.0  0.0  0.0  0.0  0.0  0.0  0.0  0.0  0.0  0.0  0.0  0.2  0.3  0.5  0.6  0.7  0.7  0.8  0.8  0.9  0.9  0.9  0.8  0.8  0.8  0.7  0.6  0.5  0.4  0.2  0.0  0.0  0.0  0.0
 59 |  0.0  0.0  0.0  0.0  0.0  0.0  0.0  0.0  0.0  0.0  0.0  0.0  0.0  0.0  0.0  0.0  0.0  0.0  0.0  0.0  0.0  0.0  0.0  0.0  0.0  0.0  0.0  0.0  0.0  0.0  0.0  0.0  0.0  0.0  0.0  0.0  0.0  0.0  0.0  0.0  0.0  0.0  0.0  0.0  0.0  0.0  0.0  0.0  0.0  0.0  0.0  0.0  0.0  0.0  0.0  0.0  0.0  0.0  0.0  0.0  0.0  0.0  0.0  0.0  0.0  0.0  0.2  0.4  0.6  0.7  0.8  0.9  1.0  1.0  1.0  1.1  1.1  1.1  1.1  1.0  1.0  0.9  0.8  0.7  0.6  0.5  0.3  0.0  0.0  0.0
 57 |  0.0  0.0  0.0  0.0  0.0  0.0  0.0  0.0  0.0  0.0  0.0  0.0  0.0  0.0  0.0  0.0  0.0  0.0  0.0  0.0  0.0  0.0  0.0  0.0  0.0  0.0  0.0  0.0  0.0  0.0  0.0  0.0  0.0  0.0  0.0  0.0  0.0  0.0  0.0  0.0  0.0  0.0  0.0  0.0  0.0  0.0  0.0  0.0  0.0  0.0  0.0  0.0  0.0  0.0  0.0  0.0  0.0  0.0  0.0  0.0  0.0  0.0  0.0  0.0  0.0  0.3  0.5  0.7  0.8  0.9  1.0  1.1  1.2  1.2  1.3  1.3  1.3  1.3  1.3  1.2  1.2  1.1  1.0  0.9  0.8  0.7  0.6  0.3  0.1  0.0
 55 |  0.0  0.0  0.0  0.0  0.0  0.0  0.0  0.0  0.0  0.0  0.0  0.0  0.0  0.0  0.0  0.0  0.0  0.0  0.0  0.0  0.0  0.0  0.0  0.0  0.0  0.0  0.0  0.0  0.0  0.0  0.0  0.0  0.0  0.0  0.0  0.0  0.0  0.0  0.0  0.0  0.0  0.0  0.0  0.0  0.0  0.0  0.0  0.0  0.0  0.0  0.0  0.0  0.0  0.0  0.0  0.0  0.0  0.0  0.0  0.0  0.0  0.0  0.0  0.0  0.3  0.5  0.7  0.9  1.0  1.1  1.2  1.3  1.4  1.4  1.5  1.5  1.5  1.5  1.5  1.4  1.4  1.3  1.2  1.2  1.0  0.9  0.8  0.6  0.4  0.0
 53 |  0.0  0.0  0.0  0.0  0.0  0.0  0.0  0.0  0.0  0.0  0.0  0.0  0.0  0.0  0.0  0.0  0.0  0.0  0.0  0.0  0.0  0.0  0.0  0.0  0.0  0.0  0.0  0.0  0.0  0.0  0.0  0.0  0.0  0.0  0.0  0.0  0.0  0.0  0.0  0.0  0.0  0.0  0.0  0.0  0.0  0.0  0.0  0.0  0.0  0.0  0.0  0.0  0.0  0.0  0.0  0.0  0.0  0.0  0.0  0.0  0.0  0.0  0.0  0.2  0.5  0.7  0.9  1.0  1.2  1.3  1.4  1.5  1.5  1.6  1.6  1.7  1.7  1.7  1.6  1.6  1.6  1.5  1.4  1.3  1.2  1.1  0.9  0.8  0.6  0.3
 51 |  0.2  0.0  0.0  0.0  0.0  0.0  0.0  0.0  0.0  0.0  0.0  0.0  0.0  0.0  0.0  0.0  0.0  0.0  0.0  0.0  0.0  0.0  0.0  0.0  0.0  0.0  0.0  0.0  0.0  0.0  0.0  0.0  0.0  0.0  0.0  0.0  0.0  0.0  0.0  0.0  0.0  0.0  0.0  0.0  0.0  0.0  0.0  0.0  0.0  0.0  0.0  0.0  0.0  0.0  0.0  0.0  0.0  0.0  0.0  0.0  0.0  0.0  0.2  0.5  0.7  0.9  1.1  1.2  1.4  1.5  1.6  1.7  1.7  1.8  1.8  1.8  1.9  1.9  1.8  1.8  1.7  1.7  1.6  1.5  1.4  1.3  1.1  0.9  0.8  0.5
 49 |  0.5  0.1  0.0  0.0  0.0  0.0  0.0  0.0  0.0  0.0  0.0  0.0  0.0  0.0  0.0  0.0  0.0  0.0  0.0  0.0  0.0  0.0  0.0  0.0  0.0  0.0  0.0  0.0  0.0  0.0  0.0  0.0  0.0  0.0  0.0  0.0  0.0  0.0  0.0  0.0  0.0  0.0  0.0  0.0  0.0  0.0  0.0  0.0  0.0  0.0  0.0  0.0  0.0  0.0  0.0  0.0  0.0  0.0  0.0  0.0  0.0  0.0  0.4  0.7  0.9  1.1  1.2  1.4  1.5  1.6  1.7  1.8  1.9  1.9  2.0  2.0  2.0  2.0  2.0  2.0  1.9  1.9  1.8  1.7  1.6  1.4  1.3  1.1  0.9  0.7
 47 |  0.6  0.3  0.0  0.0  0.0  0.0  0.0  0.0  0.0  0.0  0.0  0.0  0.0  0.0  0.0  0.0  0.0  0.0  0.0  0.0  0.0  0.0  0.0  0.0  0.0  0.0  0.0  0.0  0.0  0.0  0.0  0.0  0.0  0.0  0.0  0.0  0.0  0.0  0.0  0.0  0.0  0.0  0.0  0.0  0.0  0.0  0.0  0.0  0.0  0.0  0.0  0.0  0.0  0.0  0.0  0.0  0.0  0.0  0.0  0.0  0.0  0.2  0.6  0.8  1.0  1.2  1.4  1.5  1.7  1.8  1.9  2.0  2.1  2.1  2.2  2.2  2.2  2.2  2.2  2.1  2.1  2.0  1.9  1.8  1.7  1.6  1.4  1.3  1.1  0.9
 45 |  0.8  0.5  0.1  0.0  0.0  0.0  0.0  0.0  0.0  0.0  0.0  0.0  0.0  0.0  0.0  0.0  0.0  0.0  0.0  0.0  0.0  0.0  0.0  0.0  0.0  0.0  0.0  0.0  0.0  0.0  0.0  0.0  0.0  0.0  0.0  0.0  0.0  0.0  0.0  0.0  0.0  0.0  0.0  0.0  0.0  0.0  0.0  0.0  0.0  0.0  0.0  0.0  0.0  0.0  0.0  0.0  0.0  0.0  0.0  0.0  0.0  0.4  0.7  1.0  1.2  1.4  1.5  1.7  1.8  2.0  2.1  2.2  2.2  2.3  2.3  2.3  2.3  2.3  2.3  2.3  2.3  2.2  2.1  2.0  1.9  1.7  1.6  1.4  1.2  1.0
 43 |  0.9  0.7  0.3  0.0  0.0  0.0  0.0  0.0  0.0  0.0  0.0  0.0  0.0  0.0  0.0  0.0  0.0  0.0  0.0  0.0  0.0  0.0  0.0  0.0  0.0  0.0  0.0  0.0  0.0  0.0  0.0  0.0  0.0  0.0  0.0  0.0  0.0  0.0  0.0  0.0  0.0  0.0  0.0  0.0  0.0  0.0  0.0  0.0  0.0  0.0  0.0  0.0  0.0  0.0  0.0  0.0  0.0  0.0  0.0  0.0  0.2  0.6  0.9  1.1  1.3  1.5  1.7  1.9  2.0  2.1  2.2  2.3  2.4  2.4  2.4  2.4  2.6  2.4  2.4  2.4  2.4  2.3  2.3  2.1  2.0  1.9  1.7  1.6  1.4  1.2
 41 |  1.1  0.8  0.5  0.1  0.0  0.0  0.0  0.0  0.0  0.0  0.0  0.0  0.0  0.0  0.0  0.0  0.0  0.0  0.0  0.0  0.0  0.0  0.0  0.0  0.0  0.0  0.0  0.0  0.0  0.0  0.0  0.0  0.0  0.0  0.0  0.0  0.0  0.0  0.0  0.0  0.0  0.0  0.0  0.0  0.0  0.0  0.0  0.0  0.0  0.0  0.0  0.0  0.0  0.0  0.0  0.0  0.0  0.0  0.0  0.0  0.4  0.7  1.0  1.3  1.5  1.7  1.8  2.0  2.1  2.3  2.3  2.4  2.6  2.6  2.6  2.7  2.7  2.7  2.6  2.6  2.6  2.4  2.4  2.3  2.2  2.0  1.9  1.7  1.5  1.3
 39 |  1.2  1.0  0.7  0.3  0.0  0.0  0.0  0.0  0.0  0.0  0.0  0.0  0.0  0.0  0.0  0.0  0.0  0.0  0.0  0.0  0.0  0.0  0.0  0.0  0.0  0.0  0.0  0.0  0.0  0.0  0.0  0.0  0.0  0.0  0.0  0.0  0.0  0.0  0.0  0.0  0.0  0.0  0.0  0.0  0.0  0.0  0.0  0.0  0.0  0.0  0.0  0.0  0.0  0.0  0.0  0.0  0.0  0.0  0.0  0.2  0.6  0.9  1.2  1.4  1.6  1.8  2.0  2.1  2.3  2.4  2.4  2.6  2.7  2.7  2.7  2.8  2.8  2.8  2.8  2.7  2.7  2.6  2.6  2.4  2.3  2.2  2.0  1.8  1.7  1.4
 37 |  1.4  1.1  0.8  0.5  0.0  0.0  0.0  0.0  0.0  0.0  0.0  0.0  0.0  0.0  0.0  0.0  0.0  0.0  0.0  0.0  0.0  0.0  0.0  0.0  0.0  0.0  0.0  0.0  0.0  0.0  0.0  0.0  0.0  0.0  0.0  0.0  0.0  0.0  0.0  0.0  0.0  0.0  0.0  0.0  0.0  0.0  0.0  0.0  0.0  0.0  0.0  0.0  0.0  0.0  0.0  0.0  0.0  0.0  0.0  0.4  0.7  1.0  1.3  1.5  1.7  1.9  2.1  2.3  2.4  2.6  2.6  2.7  2.8  2.8  2.9  2.9  2.9  2.9  2.9  2.8  2.8  2.7  2.7  2.6  2.4  2.3  2.2  2.0  1.8  1.6
 35 |  1.5  1.2  0.9  0.6  0.2  0.0  0.0  0.0  0.0  0.0  0.0  0.0  0.0  0.0  0.0  0.0  0.0  0.0  0.0  0.0  0.0  0.0  0.0  0.0  0.0  0.0  0.0  0.0  0.0  0.0  0.0  0.0  0.0  0.0  0.0  0.0  0.0  0.0  0.0  0.0  0.0  0.0  0.0  0.0  0.0  0.0  0.0  0.0  0.0  0.0  0.0  0.0  0.0  0.0  0.0  0.0  0.0  0.0  0.0  0.5  0.9  1.2  1.4  1.6  1.9  2.1  2.3  2.4  2.6  2.7  2.8  2.8  2.9  2.9  3.1  3.1  3.1  3.1  3.1  2.9  2.9  2.8  2.8  2.7  2.6  2.4  2.3  2.1  1.9  1.7
 33 |  1.6  1.3  1.0  0.7  0.3  0.0  0.0  0.0  0.0  0.0  0.0  0.0  0.0  0.0  0.0  0.0  0.0  0.0  0.0  0.0  0.0  0.0  0.0  0.0  0.0  0.0  0.0  0.0  0.0  0.0  0.0  0.0  0.0  0.0  0.0  0.0  0.0  0.0  0.0  0.0  0.0  0.0  0.0  0.0  0.0  0.0  0.0  0.0  0.0  0.0  0.0  0.0  0.0  0.0  0.0  0.0  0.0  0.0  0.2  0.6  1.0  1.3  1.5  1.8  2.0  2.2  2.3  2.6  2.7  2.8  2.9  2.9  3.1  3.1  3.2  3.2  3.2  3.2  3.2  3.1  3.1  2.9  2.9  2.8  2.7  2.6  2.4  2.2  2.0  1.8
 31 |  1.7  1.5  1.2  0.9  0.5  0.0  0.0  0.0  0.0  0.0  0.0  0.0  0.0  0.0  0.0  0.0  0.0  0.0  0.0  0.0  0.0  0.0  0.0  0.0  0.0  0.0  0.0  0.0  0.0  0.0  0.0  0.0  0.0  0.0  0.0  0.0  0.0  0.0  0.0  0.0  0.0  0.0  0.0  0.0  0.0  0.0  0.0  0.0  0.0  0.0  0.0  0.0  0.0  0.0  0.0  0.0  0.0  0.0  0.4  0.8  1.1  1.4  1.6  1.9  2.1  2.3  2.4  2.6  2.8  2.9  2.9  3.1  3.2  3.2  3.3  3.3  3.3  3.3  3.3  3.3  3.2  3.1  3.1  2.9  2.8  2.7  2.6  2.3  2.2  1.9
 29 |  1.8  1.6  1.3  1.0  0.6  0.1  0.0  0.0  0.0  0.0  0.0  0.0  0.0  0.0  0.0  0.0  0.0  0.0  0.0  0.0  0.0  0.0  0.0  0.0  0.0  0.0  0.0  0.0  0.0  0.0  0.0  0.0  0.0  0.0  0.0  0.0  0.0  0.0  0.0  0.0  0.0  0.0  0.0  0.0  0.0  0.0  0.0  0.0  0.0  0.0  0.0  0.0  0.0  0.0  0.0  0.0  0.0  0.0  0.5  0.9  1.2  1.5  1.8  2.0  2.2  2.4  2.6  2.7  2.9  3.1  3.1  3.2  3.3  3.3  3.4  3.4  3.4  3.4  3.4  3.4  3.3  3.2  3.2  3.1  2.9  2.8  2.6  2.4  2.3  2.1
 27 |  1.9  1.7  1.4  1.1  0.7  0.3  0.0  0.0  0.0  0.0  0.0  0.0  0.0  0.0  0.0  0.0  0.0  0.0  0.0  0.0  0.0  0.0  0.0  0.0  0.0  0.0  0.0  0.0  0.0  0.0  0.0  0.0  0.0  0.0  0.0  0.0  0.0  0.0  0.0  0.0  0.0  0.0  0.0  0.0  0.0  0.0  0.0  0.0  0.0  0.0  0.0  0.0  0.0  0.0  0.0  0.0  0.0  0.2  0.6  1.0  1.3  1.6  1.9  2.1  2.3  2.6  2.7  2.8  2.9  3.1  3.2  3.3  3.4  3.4  3.5  3.5  3.5  3.5  3.5  3.5  3.4  3.3  3.3  3.2  3.1  2.9  2.7  2.6  2.4  2.2
 25 |  2.0  1.8  1.5  1.2  0.9  0.4  0.0  0.0  0.0  0.0  0.0  0.0  0.0  0.0  0.0  0.0  0.0  0.0  0.0  0.0  0.0  0.0  0.0  0.0  0.0  0.0  0.0  0.0  0.0  0.0  0.0  0.0  0.0  0.0  0.0  0.0  0.0  0.0  0.0  0.0  0.0  0.0  0.0  0.0  0.0  0.0  0.0  0.0  0.0  0.0  0.0  0.0  0.0  0.0  0.0  0.0  0.0  0.3  0.8  1.1  1.4  1.7  2.0  2.2  2.4  2.6  2.8  2.9  3.1  3.2  3.3  3.4  3.5  3.5  3.6  3.6  3.6  3.6  3.6  3.6  3.5  3.4  3.4  3.3  3.2  2.9  2.8  2.7  2.4  2.3
 23 |  2.1  1.9  1.6  1.3  1.0  0.6  0.0  0.0  0.0  0.0  0.0  0.0  0.0  0.0  0.0  0.0  0.0  0.0  0.0  0.0  0.0  0.0  0.0  0.0  0.0  0.0  0.0  0.0  0.0  0.0  0.0  0.0  0.0  0.0  0.0  0.0  0.0  0.0  0.0  0.0  0.0  0.0  0.0  0.0  0.0  0.0  0.0  0.0  0.0  0.0  0.0  0.0  0.0  0.0  0.0  0.0  0.0  0.5  0.9  1.2  1.5  1.8  2.1  2.3  2.6  2.7  2.9  3.1  3.2  3.3  3.4  3.5  3.6  3.6  3.8  3.8  3.8  3.8  3.8  3.6  3.6  3.5  3.4  3.4  3.2  3.1  2.9  2.8  2.6  2.3
 21 |  2.3  2.0  1.7  1.4  1.1  0.7  0.2  0.0  0.0  0.0  0.0  0.0  0.0  0.0  0.0  0.0  0.0  0.0  0.0  0.0  0.0  0.0  0.0  0.0  0.0  0.0  0.0  0.0  0.0  0.0  0.0  0.0  0.0  0.0  0.0  0.0  0.0  0.0  0.0  0.0  0.0  0.0  0.0  0.0  0.0  0.0  0.0  0.0  0.0  0.0  0.0  0.0  0.0  0.0  0.0  0.0  0.0  0.6  1.0  1.3  1.6  1.9  2.2  2.4  2.6  2.8  2.9  3.2  3.3  3.4  3.5  3.6  3.8  3.8  3.9  3.9  3.9  3.9  3.9  3.8  3.8  3.6  3.5  3.4  3.3  3.2  3.1  2.8  2.7  2.4
 19 |  2.3  2.1  1.8  1.5  1.2  0.8  0.3  0.0  0.0  0.0  0.0  0.0  0.0  0.0  0.0  0.0  0.0  0.0  0.0  0.0  0.0  0.0  0.0  0.0  0.0  0.0  0.0  0.0  0.0  0.0  0.0  0.0  0.0  0.0  0.0  0.0  0.0  0.0  0.0  0.0  0.0  0.0  0.0  0.0  0.0  0.0  0.0  0.0  0.0  0.0  0.0  0.0  0.0  0.0  0.0  0.0  0.2  0.7  1.1  1.4  1.7  2.0  2.3  2.4  2.7  2.9  3.1  3.3  3.4  3.5  3.6  3.8  3.9  3.9  4.0  4.0  4.0  4.0  4.0  3.9  3.9  3.8  3.6  3.5  3.4  3.3  3.2  2.9  2.8  2.6
 17 |  2.4  2.2  1.9  1.6  1.3  0.9  0.5  0.0  0.0  0.0  0.0  0.0  0.0  0.0  0.0  0.0  0.0  0.0  0.0  0.0  0.0  0.0  0.0  0.0  0.0  0.0  0.0  0.0  0.0  0.0  0.0  0.0  0.0  0.0  0.0  0.0  0.0  0.0  0.0  0.0  0.0  0.0  0.0  0.0  0.0  0.0  0.0  0.0  0.0  0.0  0.0  0.0  0.0  0.0  0.0  0.0  0.3  0.8  1.2  1.5  1.8  2.1  2.3  2.6  2.8  2.9  3.2  3.3  3.5  3.6  3.8  3.9  3.9  4.0  4.0  4.1  4.1  4.1  4.1  4.0  4.0  3.9  3.8  3.6  3.5  3.4  3.2  3.1  2.8  2.7
 15 |  2.4  2.3  2.0  1.7  1.4  1.0  0.6  0.0  0.0  0.0  0.0  0.0  0.0  0.0  0.0  0.0  0.0  0.0  0.0  0.0  0.0  0.0  0.0  0.0  0.0  0.0  0.0  0.0  0.0  0.0  0.0  0.0  0.0  0.0  0.0  0.0  0.0  0.0  0.0  0.0  0.0  0.0  0.0  0.0  0.0  0.0  0.0  0.0  0.0  0.0  0.0  0.0  0.0  0.0  0.0  0.0  0.5  0.9  1.3  1.6  1.9  2.2  2.4  2.7  2.9  3.1  3.3  3.4  3.5  3.8  3.9  4.0  4.0  4.1  4.1  4.2  4.2  4.2  4.1  4.1  4.0  4.0  3.9  3.8  3.6  3.4  3.3  3.2  2.9  2.7
 13 |  2.6  2.3  2.1  1.8  1.5  1.1  0.7  0.2  0.0  0.0  0.0  0.0  0.0  0.0  0.0  0.0  0.0  0.0  0.0  0.0  0.0  0.0  0.0  0.0  0.0  0.0  0.0  0.0  0.0  0.0  0.0  0.0  0.0  0.0  0.0  0.0  0.0  0.0  0.0  0.0  0.0  0.0  0.0  0.0  0.0  0.0  0.0  0.0  0.0  0.0  0.0  0.0  0.0  0.0  0.0  0.0  0.6  1.0  1.4  1.7  2.0  2.3  2.6  2.7  2.9  3.2  3.3  3.5  3.6  3.8  3.9  4.0  4.1  4.2  4.2  4.2  4.3  4.2  4.2  4.2  4.1  4.1  4.0  3.9  3.6  3.5  3.4  3.2  3.1  2.8
 11 |  2.7  2.4  2.2  1.9  1.5  1.2  0.8  0.3  0.0  0.0  0.0  0.0  0.0  0.0  0.0  0.0  0.0  0.0  0.0  0.0  0.0  0.0  0.0  0.0  0.0  0.0  0.0  0.0  0.0  0.0  0.0  0.0  0.0  0.0  0.0  0.0  0.0  0.0  0.0  0.0  0.0  0.0  0.0  0.0  0.0  0.0  0.0  0.0  0.0  0.0  0.0  0.0  0.0  0.0  0.0  0.2  0.7  1.1  1.5  1.8  2.1  2.3  2.6  2.8  3.1  3.3  3.4  3.6  3.8  3.9  4.0  4.1  4.2  4.2  4.3  4.3  4.3  4.3  4.3  4.3  4.2  4.1  4.0  3.9  3.8  3.6  3.4  3.3  3.1  2.9
  9 |  2.7  2.4  2.3  1.9  1.6  1.3  0.9  0.4  0.0  0.0  0.0  0.0  0.0  0.0  0.0  0.0  0.0  0.0  0.0  0.0  0.0  0.0  0.0  0.0  0.0  0.0  0.0  0.0  0.0  0.0  0.0  0.0  0.0  0.0  0.0  0.0  0.0  0.0  0.0  0.0  0.0  0.0  0.0  0.0  0.0  0.0  0.0  0.0  0.0  0.0  0.0  0.0  0.0  0.0  0.0  0.3  0.8  1.2  1.5  1.9  2.2  2.4  2.7  2.9  3.1  3.3  3.5  3.6  3.9  4.0  4.1  4.2  4.3  4.3  4.4  4.4  4.4  4.4  4.4  4.3  4.3  4.2  4.1  4.0  3.9  3.8  3.5  3.4  3.2  2.9
  7 |  2.8  2.6  2.3  2.0  1.7  1.4  1.0  0.6  0.0  0.0  0.0  0.0  0.0  0.0  0.0  0.0  0.0  0.0  0.0  0.0  0.0  0.0  0.0  0.0  0.0  0.0  0.0  0.0  0.0  0.0  0.0  0.0  0.0  0.0  0.0  0.0  0.0  0.0  0.0  0.0  0.0  0.0  0.0  0.0  0.0  0.0  0.0  0.0  0.0  0.0  0.0  0.0  0.0  0.0  0.0  0.4  0.9  1.3  1.6  1.9  2.3  2.6  2.7  2.9  3.2  3.4  3.5  3.8  3.9  4.0  4.2  4.3  4.3  4.4  4.4  4.5  4.5  4.5  4.4  4.4  4.3  4.3  4.2  4.1  4.0  3.8  3.6  3.4  3.3  3.1
  5 |  2.8  2.7  2.4  2.1  1.8  1.5  1.1  0.7  0.1  0.0  0.0  0.0  0.0  0.0  0.0  0.0  0.0  0.0  0.0  0.0  0.0  0.0  0.0  0.0  0.0  0.0  0.0  0.0  0.0  0.0  0.0  0.0  0.0  0.0  0.0  0.0  0.0  0.0  0.0  0.0  0.0  0.0  0.0  0.0  0.0  0.0  0.0  0.0  0.0  0.0  0.0  0.0  0.0  0.0  0.0  0.6  1.0  1.4  1.7  2.0  2.3  2.6  2.8  3.1  3.3  3.4  3.6  3.9  4.0  4.1  4.2  4.3  4.4  4.5  4.5  4.5  4.5  4.5  4.5  4.5  4.4  4.3  4.2  4.1  4.0  3.9  3.6  3.5  3.3  3.1
  3 |  2.9  2.7  2.4  2.2  1.9  1.5  1.2  0.8  0.3  0.0  0.0  0.0  0.0  0.0  0.0  0.0  0.0  0.0  0.0  0.0  0.0  0.0  0.0  0.0  0.0  0.0  0.0  0.0  0.0  0.0  0.0  0.0  0.0  0.0  0.0  0.0  0.0  0.0  0.0  0.0  0.0  0.0  0.0  0.0  0.0  0.0  0.0  0.0  0.0  0.0  0.0  0.0  0.0  0.0  0.1  0.7  1.1  1.4  1.8  2.1  2.4  2.7  2.9  3.1  3.3  3.5  3.8  3.9  4.0  4.2  4.3  4.4  4.5  4.5  4.6  4.6  4.6  4.6  4.6  4.5  4.5  4.4  4.3  4.2  4.1  3.9  3.8  3.5  3.4  3.2
  1 |  3.1  2.8  2.6  2.3  1.9  1.6  1.3  0.9  0.4  0.0  0.0  0.0  0.0  0.0  0.0  0.0  0.0  0.0  0.0  0.0  0.0  0.0  0.0  0.0  0.0  0.0  0.0  0.0  0.0  0.0  0.0  0.0  0.0  0.0  0.0  0.0  0.0  0.0  0.0  0.0  0.0  0.0  0.0  0.0  0.0  0.0  0.0  0.0  0.0  0.0  0.0  0.0  0.0  0.0  0.2  0.8  1.2  1.5  1.9  2.2  2.4  2.7  2.9  3.2  3.4  3.6  3.8  4.0  4.1  4.2  4.3  4.4  4.5  4.6  4.6  4.6  4.7  4.7  4.6  4.6  4.5  4.5  4.4  4.3  4.1  4.0  3.9  3.6  3.4  3.2
 -1 |  3.1  2.8  2.6  2.3  2.0  1.7  1.3  1.0  0.5  0.0  0.0  0.0  0.0  0.0  0.0  0.0  0.0  0.0  0.0  0.0  0.0  0.0  0.0  0.0  0.0  0.0  0.0  0.0  0.0  0.0  0.0  0.0  0.0  0.0  0.0  0.0  0.0  0.0  0.0  0.0  0.0  0.0  0.0  0.0  0.0  0.0  0.0  0.0  0.0  0.0  0.0  0.0  0.0  0.0  0.4  0.9  1.2  1.6  1.9  2.3  2.6  2.8  3.1  3.2  3.4  3.6  3.9  4.0  4.2  4.3  4.4  4.5  4.6  4.6  4.7  4.7  4.7  4.7  4.7  4.6  4.6  4.5  4.4  4.3  4.2  4.1  3.9  3.6  3.5  3.3
 -3 |  3.2  2.9  2.7  2.4  2.1  1.8  1.4  1.0  0.6  0.0  0.0  0.0  0.0  0.0  0.0  0.0  0.0  0.0  0.0  0.0  0.0  0.0  0.0  0.0  0.0  0.0  0.0  0.0  0.0  0.0  0.0  0.0  0.0  0.0  0.0  0.0  0.0  0.0  0.0  0.0  0.0  0.0  0.0  0.0  0.0  0.0  0.0  0.0  0.0  0.0  0.0  0.0  0.0  0.0  0.5  0.9  1.3  1.7  2.0  2.3  2.6  2.8  3.1  3.3  3.5  3.8  3.9  4.1  4.2  4.3  4.4  4.5  4.6  4.7  4.7  4.8  4.8  4.8  4.7  4.7  4.6  4.6  4.5  4.4  4.2  4.1  4.0  3.8  3.5  3.3
 -5 |  3.2  2.9  2.7  2.4  2.1  1.8  1.5  1.1  0.7  0.2  0.0  0.0  0.0  0.0  0.0  0.0  0.0  0.0  0.0  0.0  0.0  0.0  0.0  0.0  0.0  0.0  0.0  0.0  0.0  0.0  0.0  0.0  0.0  0.0  0.0  0.0  0.0  0.0  0.0  0.0  0.0  0.0  0.0  0.0  0.0  0.0  0.0  0.0  0.0  0.0  0.0  0.0  0.0  0.0  0.6  1.0  1.4  1.7  2.1  2.3  2.7  2.9  3.2  3.3  3.5  3.8  4.0  4.1  4.3  4.4  4.5  4.6  4.7  4.7  4.8  4.8  4.8  4.8  4.8  4.7  4.7  4.6  4.5  4.4  4.3  4.2  4.0  3.8  3.6  3.4
 -7 |  3.2  2.9  2.7  2.4  2.2  1.9  1.6  1.2  0.8  0.3  0.0  0.0  0.0  0.0  0.0  0.0  0.0  0.0  0.0  0.0  0.0  0.0  0.0  0.0  0.0  0.0  0.0  0.0  0.0  0.0  0.0  0.0  0.0  0.0  0.0  0.0  0.0  0.0  0.0  0.0  0.0  0.0  0.0  0.0  0.0  0.0  0.0  0.0  0.0  0.0  0.0  0.0  0.0  0.1  0.7  1.1  1.5  1.8  2.1  2.4  2.7  2.9  3.2  3.4  3.6  3.8  4.0  4.2  4.3  4.4  4.5  4.6  4.7  4.8  4.8  4.8  4.9  4.8  4.8  4.8  4.7  4.6  4.6  4.5  4.3  4.2  4.0  3.9  3.6  3.4
 -9 |  3.3  3.1  2.8  2.6  2.3  2.0  1.6  1.3  0.9  0.4  0.0  0.0  0.0  0.0  0.0  0.0  0.0  0.0  0.0  0.0  0.0  0.0  0.0  0.0  0.0  0.0  0.0  0.0  0.0  0.0  0.0  0.0  0.0  0.0  0.0  0.0  0.0  0.0  0.0  0.0  0.0  0.0  0.0  0.0  0.0  0.0  0.0  0.0  0.0  0.0  0.0  0.0  0.0  0.3  0.8  1.2  1.5  1.9  2.2  2.4  2.7  2.9  3.2  3.4  3.6  3.9  4.0  4.2  4.3  4.5  4.6  4.7  4.7  4.8  4.8  4.9  4.9  4.9  4.9  4.8  4.8  4.7  4.6  4.5  4.4  4.2  4.1  3.9  3.8  3.5
-11 |  3.3  3.1  2.8  2.6  2.3  2.0  1.7  1.4  1.0  0.6  0.0  0.0  0.0  0.0  0.0  0.0  0.0  0.0  0.0  0.0  0.0  0.0  0.0  0.0  0.0  0.0  0.0  0.0  0.0  0.0  0.0  0.0  0.0  0.0  0.0  0.0  0.0  0.0  0.0  0.0  0.0  0.0  0.0  0.0  0.0  0.0  0.0  0.0  0.0  0.0  0.0  0.0  0.0  0.4  0.9  1.3  1.6  1.9  2.3  2.6  2.8  3.1  3.3  3.5  3.6  3.9  4.1  4.2  4.4  4.5  4.6  4.7  4.8  4.8  4.9  4.9  4.9  4.9  4.9  4.8  4.8  4.7  4.6  4.5  4.4  4.3  4.1  4.0  3.8  3.5
-13 |  3.4  3.2  2.9  2.7  2.4  2.1  1.8  1.4  1.1  0.7  0.1  0.0  0.0  0.0  0.0  0.0  0.0  0.0  0.0  0.0  0.0  0.0  0.0  0.0  0.0  0.0  0.0  0.0  0.0  0.0  0.0  0.0  0.0  0.0  0.0  0.0  0.0  0.0  0.0  0.0  0.0  0.0  0.0  0.0  0.0  0.0  0.0  0.0  0.0  0.0  0.0  0.0  0.0  0.5  1.0  1.3  1.7  2.0  2.3  2.6  2.8  3.1  3.3  3.5  3.8  4.0  4.1  4.3  4.4  4.5  4.6  4.7  4.8  4.9  4.9  4.9  4.9  4.9  4.9  4.9  4.8  4.7  4.7  4.6  4.4  4.3  4.2  4.0  3.8  3.5
-15 |  3.4  3.2  2.9  2.7  2.4  2.1  1.8  1.5  1.2  0.7  0.2  0.0  0.0  0.0  0.0  0.0  0.0  0.0  0.0  0.0  0.0  0.0  0.0  0.0  0.0  0.0  0.0  0.0  0.0  0.0  0.0  0.0  0.0  0.0  0.0  0.0  0.0  0.0  0.0  0.0  0.0  0.0  0.0  0.0  0.0  0.0  0.0  0.0  0.0  0.0  0.0  0.0  0.1  0.6  1.0  1.4  1.8  2.1  2.3  2.7  2.9  3.2  3.3  3.5  3.8  4.0  4.1  4.3  4.4  4.5  4.7  4.7  4.8  4.9  4.9  5.0  5.0  5.0  4.9  4.9  4.8  4.8  4.7  4.6  4.5  4.3  4.2  4.0  3.9  3.6
-17 |  3.4  3.2  2.9  2.7  2.4  2.2  1.9  1.6  1.2  0.8  0.4  0.0  0.0  0.0  0.0  0.0  0.0  0.0  0.0  0.0  0.0  0.0  0.0  0.0  0.0  0.0  0.0  0.0  0.0  0.0  0.0  0.0  0.0  0.0  0.0  0.0  0.0  0.0  0.0  0.0  0.0  0.0  0.0  0.0  0.0  0.0  0.0  0.0  0.0  0.0  0.0  0.0  0.2  0.7  1.1  1.5  1.8  2.1  2.4  2.7  2.9  3.2  3.4  3.6  3.8  4.0  4.2  4.3  4.5  4.6  4.7  4.8  4.8  4.9  5.0  5.0  5.0  5.0  5.0  4.9  4.9  4.8  4.7  4.6  4.5  4.4  4.2  4.1  3.9  3.6
-19 |  3.5  3.3  3.1  2.8  2.6  2.3  1.9  1.6  1.3  0.9  0.5  0.0  0.0  0.0  0.0  0.0  0.0  0.0  0.0  0.0  0.0  0.0  0.0  0.0  0.0  0.0  0.0  0.0  0.0  0.0  0.0  0.0  0.0  0.0  0.0  0.0  0.0  0.0  0.0  0.0  0.0  0.0  0.0  0.0  0.0  0.0  0.0  0.0  0.0  0.0  0.0  0.0  0.4  0.8  1.2  1.6  1.9  2.2  2.4  2.7  2.9  3.2  3.4  3.6  3.9  4.0  4.2  4.3  4.5  4.6  4.7  4.8  4.9  4.9  5.0  5.0  5.0  5.0  5.0  4.9  4.9  4.8  4.7  4.6  4.5  4.4  4.2  4.1  3.9  3.6
-21 |  3.5  3.3  3.1  2.8  2.6  2.3  2.0  1.7  1.4  1.0  0.6  0.0  0.0  0.0  0.0  0.0  0.0  0.0  0.0  0.0  0.0  0.0  0.0  0.0  0.0  0.0  0.0  0.0  0.0  0.0  0.0  0.0  0.0  0.0  0.0  0.0  0.0  0.0  0.0  0.0  0.0  0.0  0.0  0.0  0.0  0.0  0.0  0.0  0.0  0.0  0.0  0.0  0.5  0.9  1.3  1.6  1.9  2.3  2.6  2.8  3.1  3.2  3.4  3.6  3.9  4.1  4.2  4.4  4.5  4.6  4.7  4.8  4.9  4.9  5.0  5.0  5.0  5.0  5.0  4.9  4.9  4.8  4.7  4.6  4.5  4.4  4.2  4.1  3.9  3.8
-23 |  3.5  3.3  3.1  2.8  2.6  2.3  2.1  1.8  1.4  1.1  0.7  0.2  0.0  0.0  0.0  0.0  0.0  0.0  0.0  0.0  0.0  0.0  0.0  0.0  0.0  0.0  0.0  0.0  0.0  0.0  0.0  0.0  0.0  0.0  0.0  0.0  0.0  0.0  0.0  0.0  0.0  0.0  0.0  0.0  0.0  0.0  0.0  0.0  0.0  0.0  0.0  0.0  0.6  1.0  1.4  1.7  2.0  2.3  2.6  2.8  3.1  3.3  3.5  3.6  3.9  4.1  4.2  4.4  4.5  4.6  4.7  4.8  4.9  4.9  5.0  5.0  5.0  5.0  5.0  4.9  4.9  4.8  4.7  4.6  4.5  4.4  4.3  4.1  4.0  3.8
-25 |  3.5  3.3  3.2  2.9  2.7  2.4  2.1  1.8  1.5  1.2  0.8  0.4  0.0  0.0  0.0  0.0  0.0  0.0  0.0  0.0  0.0  0.0  0.0  0.0  0.0  0.0  0.0  0.0  0.0  0.0  0.0  0.0  0.0  0.0  0.0  0.0  0.0  0.0  0.0  0.0  0.0  0.0  0.0  0.0  0.0  0.0  0.0  0.0  0.0  0.0  0.0  0.2  0.7  1.1  1.4  1.7  2.0  2.3  2.6  2.8  3.1  3.3  3.5  3.8  3.9  4.1  4.2  4.4  4.5  4.6  4.7  4.8  4.9  4.9  5.0  5.0  5.0  5.0  5.0  4.9  4.9  4.8  4.7  4.6  4.5  4.4  4.3  4.1  4.0  3.8
-27 |  3.5  3.4  3.2  2.9  2.7  2.4  2.2  1.9  1.6  1.2  0.9  0.5  0.0  0.0  0.0  0.0  0.0  0.0  0.0  0.0  0.0  0.0  0.0  0.0  0.0  0.0  0.0  0.0  0.0  0.0  0.0  0.0  0.0  0.0  0.0  0.0  0.0  0.0  0.0  0.0  0.0  0.0  0.0  0.0  0.0  0.0  0.0  0.0  0.0  0.0  0.0  0.4  0.8  1.2  1.5  1.8  2.1  2.4  2.6  2.8  3.1  3.3  3.5  3.8  3.9  4.1  4.2  4.4  4.5  4.6  4.7  4.8  4.9  4.9  5.0  5.0  5.0  5.0  5.0  4.9  4.9  4.8  4.7  4.6  4.5  4.4  4.3  4.1  4.0  3.8
-29 |  3.6  3.4  3.2  2.9  2.7  2.4  2.2  1.9  1.6  1.3  1.0  0.6  0.1  0.0  0.0  0.0  0.0  0.0  0.0  0.0  0.0  0.0  0.0  0.0  0.0  0.0  0.0  0.0  0.0  0.0  0.0  0.0  0.0  0.0  0.0  0.0  0.0  0.0  0.0  0.0  0.0  0.0  0.0  0.0  0.0  0.0  0.0  0.0  0.0  0.0  0.0  0.5  0.9  1.2  1.6  1.9  2.1  2.4  2.7  2.9  3.2  3.3  3.5  3.8  3.9  4.1  4.2  4.4  4.5  4.6  4.7  4.8  4.9  4.9  5.0  5.0  5.0  5.0  5.0  4.9  4.9  4.8  4.7  4.6  4.5  4.4  4.3  4.1  4.0  3.8
-31 |  3.6  3.4  3.2  2.9  2.7  2.6  2.3  2.0  1.7  1.4  1.1  0.7  0.3  0.0  0.0  0.0  0.0  0.0  0.0  0.0  0.0  0.0  0.0  0.0  0.0  0.0  0.0  0.0  0.0  0.0  0.0  0.0  0.0  0.0  0.0  0.0  0.0  0.0  0.0  0.0  0.0  0.0  0.0  0.0  0.0  0.0  0.0  0.0  0.0  0.0  0.1  0.6  1.0  1.3  1.6  1.9  2.2  2.4  2.7  2.9  3.2  3.3  3.5  3.8  4.0  4.1  4.2  4.4  4.5  4.6  4.7  4.8  4.9  4.9  4.9  5.0  5.0  5.0  5.0  4.9  4.9  4.8  4.7  4.6  4.5  4.4  4.3  4.1  4.0  3.8
-33 |  3.6  3.4  3.2  3.1  2.8  2.6  2.3  2.0  1.8  1.5  1.2  0.8  0.4  0.0  0.0  0.0  0.0  0.0  0.0  0.0  0.0  0.0  0.0  0.0  0.0  0.0  0.0  0.0  0.0  0.0  0.0  0.0  0.0  0.0  0.0  0.0  0.0  0.0  0.0  0.0  0.0  0.0  0.0  0.0  0.0  0.0  0.0  0.0  0.0  0.0  0.3  0.7  1.1  1.4  1.7  2.0  2.3  2.4  2.7  2.9  3.2  3.4  3.5  3.8  4.0  4.1  4.2  4.4  4.5  4.6  4.7  4.8  4.8  4.9  4.9  4.9  5.0  5.0  4.9  4.9  4.8  4.8  4.7  4.6  4.5  4.4  4.3  4.1  4.0  3.8
-35 |  3.6  3.4  3.2  3.1  2.8  2.6  2.3  2.1  1.8  1.5  1.2  0.9  0.6  0.1  0.0  0.0  0.0  0.0  0.0  0.0  0.0  0.0  0.0  0.0  0.0  0.0  0.0  0.0  0.0  0.0  0.0  0.0  0.0  0.0  0.0  0.0  0.0  0.0  0.0  0.0  0.0  0.0  0.0  0.0  0.0  0.0  0.0  0.0  0.0  0.0  0.4  0.8  1.2  1.5  1.7  2.0  2.3  2.6  2.7  2.9  3.2  3.4  3.5  3.8  4.0  4.1  4.2  4.4  4.5  4.6  4.7  4.7  4.8  4.9  4.9  4.9  4.9  4.9  4.9  4.9  4.8  4.8  4.7  4.6  4.5  4.4  4.3  4.1  4.0  3.8
-37 |  3.6  3.4  3.3  3.1  2.8  2.6  2.4  2.1  1.9  1.6  1.3  1.0  0.7  0.3  0.0  0.0  0.0  0.0  0.0  0.0  0.0  0.0  0.0  0.0  0.0  0.0  0.0  0.0  0.0  0.0  0.0  0.0  0.0  0.0  0.0  0.0  0.0  0.0  0.0  0.0  0.0  0.0  0.0  0.0  0.0  0.0  0.0  0.0  0.0  0.1  0.6  0.9  1.2  1.5  1.8  2.1  2.3  2.6  2.8  2.9  3.2  3.4  3.5  3.8  3.9  4.1  4.2  4.3  4.5  4.6  4.6  4.7  4.8  4.8  4.9  4.9  4.9  4.9  4.9  4.8  4.8  4.7  4.7  4.6  4.5  4.4  4.3  4.1  4.0  3.8
-39 |  3.6  3.4  3.3  3.1  2.8  2.7  2.4  2.2  1.9  1.7  1.4  1.1  0.8  0.4  0.0  0.0  0.0  0.0  0.0  0.0  0.0  0.0  0.0  0.0  0.0  0.0  0.0  0.0  0.0  0.0  0.0  0.0  0.0  0.0  0.0  0.0  0.0  0.0  0.0  0.0  0.0  0.0  0.0  0.0  0.0  0.0  0.0  0.0  0.0  0.3  0.7  1.0  1.3  1.6  1.9  2.1  2.3  2.6  2.8  3.1  3.2  3.4  3.5  3.8  3.9  4.1  4.2  4.3  4.4  4.5  4.6  4.7  4.8  4.8  4.8  4.9  4.9  4.9  4.8  4.8  4.8  4.7  4.6  4.6  4.5  4.4  4.2  4.1  4.0  3.8
-41 |  3.6  3.4  3.3  3.1  2.8  2.7  2.4  2.2  2.0  1.7  1.5  1.2  0.9  0.6  0.1  0.0  0.0  0.0  0.0  0.0  0.0  0.0  0.0  0.0  0.0  0.0  0.0  0.0  0.0  0.0  0.0  0.0  0.0  0.0  0.0  0.0  0.0  0.0  0.0  0.0  0.0  0.0  0.0  0.0  0.0  0.0  0.0  0.0  0.0  0.5  0.8  1.1  1.4  1.7  1.9  2.2  2.4  2.6  2.8  3.1  3.2  3.4  3.5  3.8  3.9  4.1  4.2  4.3  4.4  4.5  4.6  4.7  4.7  4.8  4.8  4.8  4.8  4.8  4.8  4.8  4.7  4.7  4.6  4.5  4.4  4.3  4.2  4.1  4.0  3.8
-43 |  3.6  3.4  3.3  3.1  2.9  2.7  2.4  2.3  2.0  1.8  1.5  1.3  1.0  0.7  0.3  0.0  0.0  0.0  0.0  0.0  0.0  0.0  0.0  0.0  0.0  0.0  0.0  0.0  0.0  0.0  0.0  0.0  0.0  0.0  0.0  0.0  0.0  0.0  0.0  0.0  0.0  0.0  0.0  0.0  0.0  0.0  0.0  0.0  0.2  0.6  0.9  1.2  1.5  1.7  2.0  2.2  2.4  2.7  2.8  3.1  3.2  3.4  3.5  3.8  3.9  4.0  4.2  4.3  4.4  4.5  4.5  4.6  4.7  4.7  4.8  4.8  4.8  4.8  4.8  4.7  4.7  4.6  4.6  4.5  4.4  4.3  4.2  4.1  3.9  3.8
-45 |  3.6  3.4  3.3  3.1  2.9  2.7  2.6  2.3  2.1  1.8  1.6  1.3  1.1  0.8  0.5  0.0  0.0  0.0  0.0  0.0  0.0  0.0  0.0  0.0  0.0  0.0  0.0  0.0  0.0  0.0  0.0  0.0  0.0  0.0  0.0  0.0  0.0  0.0  0.0  0.0  0.0  0.0  0.0  0.0  0.0  0.0  0.0  0.0  0.4  0.7  1.0  1.3  1.5  1.8  2.0  2.3  2.4  2.7  2.8  3.1  3.2  3.4  3.5  3.8  3.9  4.0  4.1  4.2  4.3  4.4  4.5  4.6  4.6  4.7  4.7  4.7  4.7  4.7  4.7  4.7  4.6  4.6  4.5  4.5  4.4  4.3  4.2  4.0  3.9  3.8
-47 |  3.5  3.4  3.3  3.1  2.9  2.7  2.6  2.3  2.1  1.9  1.7  1.4  1.2  0.9  0.6  0.3  0.0  0.0  0.0  0.0  0.0  0.0  0.0  0.0  0.0  0.0  0.0  0.0  0.0  0.0  0.0  0.0  0.0  0.0  0.0  0.0  0.0  0.0  0.0  0.0  0.0  0.0  0.0  0.0  0.0  0.0  0.0  0.2  0.5  0.8  1.1  1.4  1.6  1.8  2.1  2.3  2.4  2.7  2.8  3.1  3.2  3.4  3.5  3.6  3.9  4.0  4.1  4.2  4.3  4.4  4.5  4.5  4.6  4.6  4.7  4.7  4.7  4.7  4.7  4.6  4.6  4.5  4.5  4.4  4.3  4.2  4.1  4.0  3.9  3.8
-49 |  3.5  3.4  3.3  3.1  2.9  2.7  2.6  2.3  2.2  1.9  1.7  1.5  1.3  1.0  0.7  0.5  0.1  0.0  0.0  0.0  0.0  0.0  0.0  0.0  0.0  0.0  0.0  0.0  0.0  0.0  0.0  0.0  0.0  0.0  0.0  0.0  0.0  0.0  0.0  0.0  0.0  0.0  0.0  0.0  0.0  0.0  0.0  0.4  0.7  0.9  1.2  1.4  1.7  1.9  2.1  2.3  2.6  2.7  2.8  3.1  3.2  3.4  3.5  3.6  3.8  4.0  4.1  4.2  4.3  4.3  4.4  4.5  4.5  4.6  4.6  4.6  4.6  4.6  4.6  4.6  4.5  4.5  4.4  4.4  4.3  4.2  4.1  4.0  3.9  3.8
-51 |  3.5  3.4  3.3  3.1  2.9  2.7  2.6  2.4  2.2  2.0  1.8  1.6  1.3  1.1  0.9  0.6  0.3  0.0  0.0  0.0  0.0  0.0  0.0  0.0  0.0  0.0  0.0  0.0  0.0  0.0  0.0  0.0  0.0  0.0  0.0  0.0  0.0  0.0  0.0  0.0  0.0  0.0  0.0  0.0  0.0  0.0  0.2  0.6  0.8  1.0  1.3  1.5  1.7  1.9  2.1  2.3  2.6  2.7  2.8  3.1  3.2  3.4  3.5  3.6  3.8  3.9  4.0  4.1  4.2  4.3  4.4  4.4  4.5  4.5  4.5  4.6  4.6  4.6  4.5  4.5  4.5  4.4  4.4  4.3  4.2  4.2  4.1  4.0  3.8  3.6
-53 |  3.5  3.4  3.2  3.1  2.9  2.8  2.6  2.4  2.3  2.0  1.8  1.6  1.4  1.2  1.0  0.8  0.5  0.2  0.0  0.0  0.0  0.0  0.0  0.0  0.0  0.0  0.0  0.0  0.0  0.0  0.0  0.0  0.0  0.0  0.0  0.0  0.0  0.0  0.0  0.0  0.0  0.0  0.0  0.0  0.0  0.1  0.4  0.7  0.9  1.2  1.4  1.6  1.8  2.0  2.2  2.4  2.6  2.7  2.9  3.1  3.2  3.3  3.5  3.6  3.8  3.9  4.0  4.1  4.2  4.2  4.3  4.4  4.4  4.5  4.5  4.5  4.5  4.5  4.5  4.5  4.4  4.4  4.3  4.3  4.2  4.1  4.0  3.9  3.8  3.6
-55 |  3.5  3.4  3.2  3.1  2.9  2.8  2.6  2.4  2.3  2.1  1.9  1.7  1.5  1.3  1.1  0.9  0.7  0.4  0.1  0.0  0.0  0.0  0.0  0.0  0.0  0.0  0.0  0.0  0.0  0.0  0.0  0.0  0.0  0.0  0.0  0.0  0.0  0.0  0.0  0.0  0.0  0.0  0.0  0.0  0.0  0.3  0.6  0.8  1.0  1.2  1.5  1.6  1.8  2.0  2.2  2.4  2.6  2.7  2.9  3.1  3.2  3.3  3.4  3.5  3.8  3.9  4.0  4.0  4.1  4.2  4.3  4.3  4.4  4.4  4.4  4.4  4.4  4.4  4.4  4.4  4.4  4.3  4.3  4.2  4.1  4.1  4.0  3.9  3.8  3.6
-57 |  3.4  3.3  3.2  3.1  2.9  2.8  2.6  2.4  2.3  2.1  1.9  1.8  1.6  1.4  1.2  1.0  0.8  0.6  0.4  0.1  0.0  0.0  0.0  0.0  0.0  0.0  0.0  0.0  0.0  0.0  0.0  0.0  0.0  0.0  0.0  0.0  0.0  0.0  0.0  0.0  0.0  0.0  0.0  0.0  0.3  0.5  0.8  1.0  1.2  1.3  1.5  1.7  1.9  2.1  2.3  2.4  2.6  2.7  2.9  3.1  3.2  3.3  3.4  3.5  3.6  3.8  3.9  4.0  4.1  4.1  4.2  4.2  4.3  4.3  4.3  4.4  4.4  4.4  4.3  4.3  4.3  4.3  4.2  4.1  4.1  4.0  3.9  3.8  3.6  3.5
-59 |  3.4  3.3  3.2  3.1  2.9  2.8  2.6  2.4  2.3  2.2  2.0  1.8  1.6  1.5  1.3  1.1  0.9  0.8  0.6  0.3  0.1  0.0  0.0  0.0  0.0  0.0  0.0  0.0  0.0  0.0  0.0  0.0  0.0  0.0  0.0  0.0  0.0  0.0  0.0  0.0  0.0  0.0  0.0  0.3  0.5  0.7  0.9  1.1  1.3  1.4  1.6  1.8  1.9  2.1  2.3  2.4  2.6  2.7  2.8  3.1  3.2  3.3  3.4  3.5  3.6  3.8  3.9  3.9  4.0  4.1  4.1  4.2  4.2  4.2  4.3  4.3  4.3  4.3  4.3  4.2  4.2  4.2  4.1  4.1  4.0  3.9  3.9  3.8  3.6  3.5
-61 |  3.4  3.3  3.2  3.1  2.9  2.8  2.7  2.4  2.3  2.2  2.0  1.9  1.7  1.6  1.4  1.2  1.1  0.9  0.7  0.6  0.4  0.2  0.0  0.0  0.0  0.0  0.0  0.0  0.0  0.0  0.0  0.0  0.0  0.0  0.0  0.0  0.0  0.0  0.0  0.0  0.0  0.1  0.3  0.5  0.7  0.9  1.0  1.2  1.4  1.5  1.7  1.8  2.0  2.2  2.3  2.4  2.6  2.7  2.8  3.1  3.2  3.3  3.4  3.4  3.5  3.6  3.8  3.9  3.9  4.0  4.1  4.1  4.1  4.2  4.2  4.2  4.2  4.2  4.2  4.2  4.1  4.1  4.1  4.0  4.0  3.9  3.8  3.6  3.6  3.5
-63 |  3.3  3.3  3.2  3.1  2.9  2.8  2.7  2.6  2.4  2.3  2.1  1.9  1.8  1.6  1.5  1.3  1.2  1.0  0.9  0.7  0.6  0.4  0.3  0.1  0.0  0.0  0.0  0.0  0.0  0.0  0.0  0.0  0.0  0.0  0.0  0.0  0.0  0.0  0.0  0.0  0.2  0.4  0.6  0.7  0.9  1.0  1.2  1.3  1.5  1.6  1.8  1.9  2.1  2.2  2.3  2.4  2.6  2.7  2.8  2.9  3.1  3.2  3.3  3.4  3.5  3.6  3.6  3.8  3.9  3.9  4.0  4.0  4.1  4.1  4.1  4.1  4.1  4.1  4.1  4.1  4.1  4.0  4.0  3.9  3.9  3.8  3.8  3.6  3.5  3.4
-65 |  3.3  3.2  3.1  2.9  2.9  2.8  2.7  2.6  2.4  2.3  2.1  2.0  1.9  1.7  1.6  1.4  1.3  1.2  1.0  0.9  0.8  0.6  0.5  0.4  0.3  0.1  0.0  0.0  0.0  0.0  0.0  0.0  0.0  0.0  0.0  0.0  0.0  0.1  0.2  0.4  0.5  0.6  0.7  0.9  1.0  1.2  1.3  1.4  1.5  1.7  1.8  2.0  2.1  2.3  2.4  2.4  2.6  2.7  2.8  2.9  3.1  3.2  3.3  3.4  3.4  3.5  3.6  3.6  3.8  3.9  3.9  3.9  4.0  4.0  4.0  4.0  4.0  4.0  4.0  4.0  4.0  4.0  3.9  3.9  3.8  3.8  3.6  3.5  3.5  3.4
-67 |  3.3  3.2  3.1  2.9  2.8  2.8  2.7  2.6  2.4  2.3  2.2  2.1  1.9  1.8  1.7  1.5  1.4  1.3  1.2  1.1  0.9  0.8  0.7  0.6  0.5  0.4  0.4  0.3  0.2  0.2  0.1  0.1  0.1  0.2  0.2  0.3  0.3  0.4  0.5  0.6  0.7  0.8  0.9  1.0  1.2  1.3  1.4  1.5  1.6  1.8  1.9  2.0  2.1  2.3  2.4  2.6  2.6  2.7  2.8  2.9  3.1  3.2  3.2  3.3  3.4  3.5  3.5  3.6  3.6  3.8  3.8  3.9  3.9  3.9  3.9  3.9  3.9  3.9  3.9  3.9  3.9  3.9  3.8  3.8  3.6  3.6  3.5  3.5  3.4  3.3
-69 |  3.2  3.2  3.1  2.9  2.8  2.7  2.7  2.6  2.4  2.3  2.2  2.1  2.0  1.9  1.8  1.6  1.5  1.4  1.3  1.2  1.1  1.0  0.9  0.9  0.8  0.7  0.6  0.6  0.5  0.5  0.5  0.5  0.5  0.5  0.5  0.6  0.6  0.7  0.7  0.8  0.9  1.0  1.1  1.2  1.3  1.4  1.5  1.6  1.7  1.9  2.0  2.1  2.2  2.3  2.4  2.6  2.6  2.7  2.8  2.9  3.1  3.1  3.2  3.3  3.3  3.4  3.5  3.5  3.6  3.6  3.6  3.8  3.8  3.8  3.8  3.8  3.9  3.9  3.8  3.8  3.8  3.8  3.6  3.6  3.6  3.5  3.5  3.4  3.4  3.3
-71 |  3.2  3.1  2.9  2.9  2.8  2.7  2.7  2.6  2.4  2.3  2.3  2.2  2.1  1.9  1.8  1.7  1.6  1.5  1.5  1.4  1.3  1.2  1.1  1.0  1.0  0.9  0.9  0.8  0.8  0.8  0.7  0.7  0.7  0.8  0.8  0.8  0.9  0.9  1.0  1.0  1.1  1.2  1.3  1.3  1.4  1.5  1.6  1.7  1.8  1.9  2.0  2.1  2.3  2.3  2.4  2.6  2.6  2.7  2.8  2.9  2.9  3.1  3.2  3.2  3.3  3.3  3.4  3.4  3.5  3.5  3.6  3.6  3.6  3.6  3.6  3.8  3.8  3.8  3.6  3.6  3.6  3.6  3.6  3.5  3.5  3.4  3.4  3.4  3.3  3.2
-73 |  3.1  3.1  2.9  2.8  2.8  2.7  2.7  2.6  2.4  2.4  2.3  2.2  2.1  2.0  1.9  1.8  1.7  1.7  1.6  1.5  1.4  1.4  1.3  1.2  1.2  1.1  1.1  1.0  1.0  1.0  1.0  1.0  1.0  1.0  1.0  1.0  1.1  1.1  1.2  1.2  1.3  1.3  1.4  1.5  1.6  1.6  1.7  1.8  1.9  2.0  2.1  2.2  2.3  2.3  2.4  2.6  2.6  2.7  2.8  2.8  2.9  3.1  3.1  3.2  3.2  3.3  3.3  3.4  3.4  3.4  3.5  3.5  3.5  3.5  3.5  3.6  3.6  3.6  3.6  3.5  3.5  3.5  3.5  3.4  3.4  3.4  3.3  3.3  3.2  3.2
-75 |  3.1  2.9  2.9  2.8  2.8  2.7  2.7  2.6  2.4  2.4  2.3  2.3  2.2  2.1  2.0  1.9  1.9  1.8  1.7  1.6  1.6  1.5  1.4  1.4  1.4  1.3  1.3  1.2  1.2  1.2  1.2  1.2  1.2  1.2  1.2  1.2  1.3  1.3  1.3  1.4  1.4  1.5  1.5  1.6  1.7  1.8  1.8  1.9  2.0  2.1  2.1  2.2  2.3  2.4  2.4  2.6  2.6  2.7  2.8  2.8  2.9  2.9  3.1  3.1  3.2  3.2  3.2  3.3  3.3  3.4  3.4  3.4  3.4  3.4  3.4  3.5  3.5  3.5  3.5  3.4  3.4  3.4  3.4  3.4  3.3  3.3  3.3  3.2  3.2  3.1
-77 |  2.9  2.9  2.8  2.8  2.7  2.7  2.6  2.6  2.4  2.4  2.3  2.3  2.2  2.1  2.1  2.0  1.9  1.9  1.8  1.8  1.7  1.6  1.6  1.6  1.5  1.5  1.5  1.4  1.4  1.4  1.4  1.4  1.4  1.4  1.4  1.4  1.4  1.5  1.5  1.5  1.6  1.6  1.7  1.7  1.8  1.9  1.9  2.0  2.1  2.1  2.2  2.3  2.3  2.4  2.4  2.6  2.6  2.7  2.7  2.8  2.8  2.9  2.9  3.1  3.1  3.1  3.2  3.2  3.2  3.3  3.3  3.3  3.3  3.3  3.3  3.4  3.4  3.4  3.3  3.3  3.3  3.3  3.3  3.3  3.2  3.2  3.2  3.1  3.1  3.1
-79 |  2.9  2.8  2.8  2.8  2.7  2.7  2.6  2.6  2.4  2.4  2.4  2.3  2.3  2.2  2.2  2.1  2.0  2.0  1.9  1.9  1.8  1.8  1.8  1.7  1.7  1.7  1.6  1.6  1.6  1.6  1.6  1.6  1.6  1.6  1.6  1.6  1.6  1.6  1.7  1.7  1.7  1.8  1.8  1.9  1.9  2.0  2.0  2.1  2.1  2.2  2.3  2.3  2.4  2.4  2.4  2.6  2.6  2.7  2.7  2.7  2.8  2.8  2.9  2.9  2.9  3.1  3.1  3.1  3.1  3.2  3.2  3.2  3.2  3.2  3.2  3.2  3.3  3.2  3.2  3.2  3.2  3.2  3.2  3.2  3.2  3.1  3.1  3.1  2.9  2.9
-81 |  2.8  2.8  2.8  2.7  2.7  2.7  2.6  2.6  2.6  2.4  2.4  2.3  2.3  2.3  2.2  2.2  2.1  2.1  2.1  2.0  2.0  1.9  1.9  1.9  1.8  1.8  1.8  1.8  1.8  1.8  1.8  1.8  1.8  1.8  1.8  1.8  1.8  1.8  1.8  1.9  1.9  1.9  2.0  2.0  2.0  2.1  2.1  2.2  2.2  2.3  2.3  2.3  2.4  2.4  2.4  2.6  2.6  2.6  2.7  2.7  2.7  2.8  2.8  2.8  2.9  2.9  2.9  2.9  3.1  3.1  3.1  3.1  3.1  3.1  3.1  3.1  3.1  3.1  3.1  3.1  3.1  3.1  3.1  3.1  3.1  2.9  2.9  2.9  2.9  2.8
-83 |  2.8  2.7  2.7  2.7  2.7  2.6  2.6  2.6  2.6  2.4  2.4  2.4  2.3  2.3  2.3  2.3  2.2  2.2  2.2  2.1  2.1  2.1  2.0  2.0  2.0  2.0  2.0  1.9  1.9  1.9  1.9  1.9  1.9  1.9  1.9  1.9  2.0  2.0  2.0  2.0  2.0  2.1  2.1  2.1  2.1  2.2  2.2  2.3  2.3  2.3  2.3  2.4  2.4  2.4  2.4  2.6  2.6  2.6  2.7  2.7  2.7  2.7  2.8  2.8  2.8  2.8  2.8  2.9  2.9  2.9  2.9  2.9  2.9  2.9  2.9  2.9  2.9  2.9  2.9  2.9  2.9  2.9  2.9  2.9  2.9  2.9  2.8  2.8  2.8  2.8
-85 |  2.7  2.7  2.7  2.6  2.6  2.6  2.6  2.6  2.6  2.4  2.4  2.4  2.4  2.4  2.3  2.3  2.3  2.3  2.3  2.3  2.2  2.2  2.2  2.2  2.2  2.1  2.1  2.1  2.1  2.1  2.1  2.1  2.1  2.1  2.1  2.1  2.1  2.1  2.1  2.2  2.2  2.2  2.2  2.3  2.3  2.3  2.3  2.3  2.3  2.4  2.4  2.4  2.4  2.4  2.4  2.6  2.6  2.6  2.6  2.6  2.7  2.7  2.7  2.7  2.7  2.7  2.8  2.8  2.8  2.8  2.8  2.8  2.8  2.8  2.8  2.8  2.8  2.8  2.8  2.8  2.8  2.8  2.8  2.8  2.8  2.8  2.8  2.7  2.7  2.7
-87 |  2.6  2.6  2.6  2.6  2.6  2.6  2.6  2.6  2.6  2.4  2.4  2.4  2.4  2.4  2.4  2.4  2.4  2.4  2.3  2.3  2.3  2.3  2.3  2.3  2.3  2.3  2.3  2.3  2.3  2.3  2.3  2.3  2.3  2.3  2.3  2.3  2.3  2.3  2.3  2.3  2.3  2.3  2.3  2.3  2.3  2.3  2.4  2.4  2.4  2.4  2.4  2.4  2.4  2.4  2.4  2.6  2.6  2.6  2.6  2.6  2.6  2.6  2.6  2.6  2.7  2.7  2.7  2.7  2.7  2.7  2.7  2.7  2.7  2.7  2.7  2.7  2.7  2.7  2.7  2.7  2.7  2.7  2.7  2.7  2.7  2.7  2.7  2.7  2.7  2.6
-89 |  2.6  2.6  2.6  2.6  2.6  2.6  2.6  2.6  2.4  2.4  2.4  2.4  2.4  2.4  2.4  2.4  2.4  2.4  2.4  2.4  2.4  2.4  2.4  2.4  2.4  2.4  2.4  2.4  2.4  2.4  2.4  2.4  2.4  2.4  2.4  2.4  2.4  2.4  2.4  2.4  2.4  2.4  2.4  2.4  2.4  2.4  2.4  2.4  2.4  2.4  2.4  2.4  2.4  2.4  2.4  2.6  2.6  2.6  2.6  2.6  2.6  2.6  2.6  2.6  2.6  2.6  2.6  2.6  2.6  2.6  2.6  2.6  2.6  2.6  2.6  2.6  2.6  2.6  2.6  2.6  2.6  2.6  2.6  2.6  2.6  2.6  2.6  2.6  2.6  2.6
