# DRAP Tabular Values
# Product: D-Region Absorption         /images/drap2_tab.txt
# Product Valid At : 2025-12-21 00:40 UTC
#
# Prepared by the U.S. Dept. of Commerce, NOAA, Space Weather Prediction Center.
# Please send comments and suggestions to SWPC.Webmaster@noaa.gov
#
# Estimated Recovery Time : No Estimate
#
#  X-RAY Message : Normal X-ray Background
#
#  X-RAY Warning :  
#
#  Proton Message : Normal Proton Background
#
#  Proton Warning : 
#
# Frequency (MHz) as a function of Latitude and Longitude
#
      -178 -174 -170 -166 -162 -158 -154 -150 -146 -142 -138 -134 -130 -126 -122 -118 -114 -110 -106 -102  -98  -94  -90  -86  -82  -78  -74  -70  -66  -62  -58  -54  -50  -46  -42  -38  -34  -30  -26  -22  -18  -14  -10   -6   -2    2    6   10   14   18   22   26   30   34   38   42   46   50   54   58   62   66   70   74   78   82   86   90   94   98  102  106  110  114  118  122  126  130  134  138  142  146  150  154  158  162  166  170  174  178
------------------------------------------------------------------------------------------------------------------------------------------------------------------------------------------------------------------------------------------------------------------------------------------------------------------------------------------------------------------------------------------------------------------------------------------------------------------------
 89 |  0.0  0.0  0.0  0.0  0.0  0.0  0.0  0.0  0.0  0.0  0.0  0.0  0.0  0.0  0.0  0.0  0.0  0.0  0.0  0.0  0.0  0.0  0.0  0.0  0.0  0.0  0.0  0.0  0.0  0.0  0.0  0.0  0.0  0.0  0.0  0.0  0.0  0.0  0.0  0.0  0.0  0.0  0.0  0.0  0.0  0.0  0.0  0.0  0.0  0.0  0.0  0.0  0.0  0.0  0.0  0.0  0.0  0.0  0.0  0.0  0.0  0.0  0.0  0.0  0.0  0.0  0.0  0.0  0.0  0.0  0.0  0.0  0.0  0.0  0.0  0.0  0.0  0.0  0.0  0.0  0.0  0.0  0.0  0.0  0.0  0.0  0.0  0.0  0.0  0.0
 87 |  0.0  0.0  0.0  0.0  0.0  0.0  0.0  0.0  0.0  0.0  0.0  0.0  0.0  0.0  0.0  0.0  0.0  0.0  0.0  0.0  0.0  0.0  0.0  0.0  0.0  0.0  0.0  0.0  0.0  0.0  0.0  0.0  0.0  0.0  0.0  0.0  0.0  0.0  0.0  0.0  0.0  0.0  0.0  0.0  0.0  0.0  0.0  0.0  0.0  0.0  0.0  0.0  0.0  0.0  0.0  0.0  0.0  0.0  0.0  0.0  0.0  0.0  0.0  0.0  0.0  0.0  0.0  0.0  0.0  0.0  0.0  0.0  0.0  0.0  0.0  0.0  0.0  0.0  0.0  0.0  0.0  0.0  0.0  0.0  0.0  0.0  0.0  0.0  0.0  0.0
 85 |  0.0  0.0  0.0  0.0  0.0  0.0  0.0  0.0  0.0  0.0  0.0  0.0  0.0  0.0  0.0  0.0  0.0  0.0  0.0  0.0  0.0  0.0  0.0  0.0  0.0  0.0  0.0  0.0  0.0  0.0  0.0  0.0  0.0  0.0  0.0  0.0  0.0  0.0  0.0  0.0  0.0  0.0  0.0  0.0  0.0  0.0  0.0  0.0  0.0  0.0  0.0  0.0  0.0  0.0  0.0  0.0  0.0  0.0  0.0  0.0  0.0  0.0  0.0  0.0  0.0  0.0  0.0  0.0  0.0  0.0  0.0  0.0  0.0  0.0  0.0  0.0  0.0  0.0  0.0  0.0  0.0  0.0  0.0  0.0  0.0  0.0  0.0  0.0  0.0  0.0
 83 |  0.0  0.0  0.0  0.0  0.0  0.0  0.0  0.0  0.0  0.0  0.0  0.0  0.0  0.0  0.0  0.0  0.0  0.0  0.0  0.0  0.0  0.0  0.0  0.0  0.0  0.0  0.0  0.0  0.0  0.0  0.0  0.0  0.0  0.0  0.0  0.0  0.0  0.0  0.0  0.0  0.0  0.0  0.0  0.0  0.0  0.0  0.0  0.0  0.0  0.0  0.0  0.0  0.0  0.0  0.0  0.0  0.0  0.0  0.0  0.0  0.0  0.0  0.0  0.0  0.0  0.0  0.0  0.0  0.0  0.0  0.0  0.0  0.0  0.0  0.0  0.0  0.0  0.0  0.0  0.0  0.0  0.0  0.0  0.0  0.0  0.0  0.0  0.0  0.0  0.0
 81 |  0.0  0.0  0.0  0.0  0.0  0.0  0.0  0.0  0.0  0.0  0.0  0.0  0.0  0.0  0.0  0.0  0.0  0.0  0.0  0.0  0.0  0.0  0.0  0.0  0.0  0.0  0.0  0.0  0.0  0.0  0.0  0.0  0.0  0.0  0.0  0.0  0.0  0.0  0.0  0.0  0.0  0.0  0.0  0.0  0.0  0.0  0.0  0.0  0.0  0.0  0.0  0.0  0.0  0.0  0.0  0.0  0.0  0.0  0.0  0.0  0.0  0.0  0.0  0.0  0.0  0.0  0.0  0.0  0.0  0.0  0.0  0.0  0.0  0.0  0.0  0.0  0.0  0.0  0.0  0.0  0.0  0.0  0.0  0.0  0.0  0.0  0.0  0.0  0.0  0.0
 79 |  0.0  0.0  0.0  0.0  0.0  0.0  0.0  0.0  0.0  0.0  0.0  0.0  0.0  0.0  0.0  0.0  0.0  0.0  0.0  0.0  0.0  0.0  0.0  0.0  0.0  0.0  0.0  0.0  0.0  0.0  0.0  0.0  0.0  0.0  0.0  0.0  0.0  0.0  0.0  0.0  0.0  0.0  0.0  0.0  0.0  0.0  0.0  0.0  0.0  0.0  0.0  0.0  0.0  0.0  0.0  0.0  0.0  0.0  0.0  0.0  0.0  0.0  0.0  0.0  0.0  0.0  0.0  0.0  0.0  0.0  0.0  0.0  0.0  0.0  0.0  0.0  0.0  0.0  0.0  0.0  0.0  0.0  0.0  0.0  0.0  0.0  0.0  0.0  0.0  0.0
 77 |  0.0  0.0  0.0  0.0  0.0  0.0  0.0  0.0  0.0  0.0  0.0  0.0  0.0  0.0  0.0  0.0  0.0  0.0  0.0  0.0  0.0  0.0  0.0  0.0  0.0  0.0  0.0  0.0  0.0  0.0  0.0  0.0  0.0  0.0  0.0  0.0  0.0  0.0  0.0  0.0  0.0  0.0  0.0  0.0  0.0  0.0  0.0  0.0  0.0  0.0  0.0  0.0  0.0  0.0  0.0  0.0  0.0  0.0  0.0  0.0  0.0  0.0  0.0  0.0  0.0  0.0  0.0  0.0  0.0  0.0  0.0  0.0  0.0  0.0  0.0  0.0  0.0  0.0  0.0  0.0  0.0  0.0  0.0  0.0  0.0  0.0  0.0  0.0  0.0  0.0
 75 |  0.0  0.0  0.0  0.0  0.0  0.0  0.0  0.0  0.0  0.0  0.0  0.0  0.0  0.0  0.0  0.0  0.0  0.0  0.0  0.0  0.0  0.0  0.0  0.0  0.0  0.0  0.0  0.0  0.0  0.0  0.0  0.0  0.0  0.0  0.0  0.0  0.0  0.0  0.0  0.0  0.0  0.0  0.0  0.0  0.0  0.0  0.0  0.0  0.0  0.0  0.0  0.0  0.0  0.0  0.0  0.0  0.0  0.0  0.0  0.0  0.0  0.0  0.0  0.0  0.0  0.0  0.0  0.0  0.0  0.0  0.0  0.0  0.0  0.0  0.0  0.0  0.0  0.0  0.0  0.0  0.0  0.0  0.0  0.0  0.0  0.0  0.0  0.0  0.0  0.0
 73 |  0.0  0.0  0.0  0.0  0.0  0.0  0.0  0.0  0.0  0.0  0.0  0.0  0.0  0.0  0.0  0.0  0.0  0.0  0.0  0.0  0.0  0.0  0.0  0.0  0.0  0.0  0.0  0.0  0.0  0.0  0.0  0.0  0.0  0.0  0.0  0.0  0.0  0.0  0.0  0.0  0.0  0.0  0.0  0.0  0.0  0.0  0.0  0.0  0.0  0.0  0.0  0.0  0.0  0.0  0.0  0.0  0.0  0.0  0.0  0.0  0.0  0.0  0.0  0.0  0.0  0.0  0.0  0.0  0.0  0.0  0.0  0.0  0.0  0.0  0.0  0.0  0.0  0.0  0.0  0.0  0.0  0.0  0.0  0.0  0.0  0.0  0.0  0.0  0.0  0.0
 71 |  0.0  0.0  0.0  0.0  0.0  0.0  0.0  0.0  0.0  0.0  0.0  0.0  0.0  0.0  0.0  0.0  0.0  0.0  0.0  0.0  0.0  0.0  0.0  0.0  0.0  0.0  0.0  0.0  0.0  0.0  0.0  0.0  0.0  0.0  0.0  0.0  0.0  0.0  0.0  0.0  0.0  0.0  0.0  0.0  0.0  0.0  0.0  0.0  0.0  0.0  0.0  0.0  0.0  0.0  0.0  0.0  0.0  0.0  0.0  0.0  0.0  0.0  0.0  0.0  0.0  0.0  0.0  0.0  0.0  0.0  0.0  0.0  0.0  0.0  0.0  0.0  0.0  0.0  0.0  0.0  0.0  0.0  0.0  0.0  0.0  0.0  0.0  0.0  0.0  0.0
 69 |  0.0  0.0  0.0  0.0  0.0  0.0  0.0  0.0  0.0  0.0  0.0  0.0  0.0  0.0  0.0  0.0  0.0  0.0  0.0  0.0  0.0  0.0  0.0  0.0  0.0  0.0  0.0  0.0  0.0  0.0  0.0  0.0  0.0  0.0  0.0  0.0  0.0  0.0  0.0  0.0  0.0  0.0  0.0  0.0  0.0  0.0  0.0  0.0  0.0  0.0  0.0  0.0  0.0  0.0  0.0  0.0  0.0  0.0  0.0  0.0  0.0  0.0  0.0  0.0  0.0  0.0  0.0  0.0  0.0  0.0  0.0  0.0  0.0  0.0  0.0  0.0  0.0  0.0  0.0  0.0  0.0  0.0  0.0  0.0  0.0  0.0  0.0  0.0  0.0  0.0
 67 |  0.0  0.0  0.0  0.0  0.0  0.0  0.0  0.0  0.0  0.0  0.0  0.0  0.0  0.0  0.0  0.0  0.0  0.0  0.0  0.0  0.0  0.0  0.0  0.0  0.0  0.0  0.0  0.0  0.0  0.0  0.0  0.0  0.0  0.0  0.0  0.0  0.0  0.0  0.0  0.0  0.0  0.0  0.0  0.0  0.0  0.0  0.0  0.0  0.0  0.0  0.0  0.0  0.0  0.0  0.0  0.0  0.0  0.0  0.0  0.0  0.0  0.0  0.0  0.0  0.0  0.0  0.0  0.0  0.0  0.0  0.0  0.0  0.0  0.0  0.0  0.0  0.0  0.0  0.0  0.0  0.0  0.0  0.0  0.0  0.0  0.0  0.0  0.0  0.0  0.0
 65 |  0.2  0.1  0.1  0.0  0.0  0.0  0.0  0.0  0.0  0.0  0.0  0.0  0.0  0.0  0.0  0.0  0.0  0.0  0.0  0.0  0.0  0.0  0.0  0.0  0.0  0.0  0.0  0.0  0.0  0.0  0.0  0.0  0.0  0.0  0.0  0.0  0.0  0.0  0.0  0.0  0.0  0.0  0.0  0.0  0.0  0.0  0.0  0.0  0.0  0.0  0.0  0.0  0.0  0.0  0.0  0.0  0.0  0.0  0.0  0.0  0.0  0.0  0.0  0.0  0.0  0.0  0.0  0.0  0.0  0.0  0.0  0.0  0.0  0.0  0.0  0.0  0.0  0.0  0.0  0.0  0.0  0.0  0.0  0.1  0.2  0.2  0.2  0.2  0.2  0.2
 63 |  0.4  0.3  0.3  0.2  0.1  0.0  0.0  0.0  0.0  0.0  0.0  0.0  0.0  0.0  0.0  0.0  0.0  0.0  0.0  0.0  0.0  0.0  0.0  0.0  0.0  0.0  0.0  0.0  0.0  0.0  0.0  0.0  0.0  0.0  0.0  0.0  0.0  0.0  0.0  0.0  0.0  0.0  0.0  0.0  0.0  0.0  0.0  0.0  0.0  0.0  0.0  0.0  0.0  0.0  0.0  0.0  0.0  0.0  0.0  0.0  0.0  0.0  0.0  0.0  0.0  0.0  0.0  0.0  0.0  0.0  0.0  0.0  0.0  0.0  0.0  0.0  0.0  0.0  0.0  0.0  0.1  0.2  0.3  0.3  0.4  0.4  0.4  0.4  0.4  0.4
 61 |  0.5  0.5  0.5  0.4  0.3  0.2  0.1  0.0  0.0  0.0  0.0  0.0  0.0  0.0  0.0  0.0  0.0  0.0  0.0  0.0  0.0  0.0  0.0  0.0  0.0  0.0  0.0  0.0  0.0  0.0  0.0  0.0  0.0  0.0  0.0  0.0  0.0  0.0  0.0  0.0  0.0  0.0  0.0  0.0  0.0  0.0  0.0  0.0  0.0  0.0  0.0  0.0  0.0  0.0  0.0  0.0  0.0  0.0  0.0  0.0  0.0  0.0  0.0  0.0  0.0  0.0  0.0  0.0  0.0  0.0  0.0  0.0  0.0  0.0  0.0  0.0  0.0  0.0  0.1  0.2  0.3  0.4  0.4  0.5  0.5  0.6  0.6  0.6  0.6  0.6
 59 |  0.7  0.7  0.6  0.6  0.5  0.4  0.3  0.2  0.0  0.0  0.0  0.0  0.0  0.0  0.0  0.0  0.0  0.0  0.0  0.0  0.0  0.0  0.0  0.0  0.0  0.0  0.0  0.0  0.0  0.0  0.0  0.0  0.0  0.0  0.0  0.0  0.0  0.0  0.0  0.0  0.0  0.0  0.0  0.0  0.0  0.0  0.0  0.0  0.0  0.0  0.0  0.0  0.0  0.0  0.0  0.0  0.0  0.0  0.0  0.0  0.0  0.0  0.0  0.0  0.0  0.0  0.0  0.0  0.0  0.0  0.0  0.0  0.0  0.0  0.0  0.0  0.0  0.2  0.3  0.4  0.5  0.6  0.6  0.6  0.7  0.7  0.7  0.7  0.7  0.7
 57 |  0.8  0.8  0.7  0.7  0.6  0.6  0.5  0.4  0.2  0.0  0.0  0.0  0.0  0.0  0.0  0.0  0.0  0.0  0.0  0.0  0.0  0.0  0.0  0.0  0.0  0.0  0.0  0.0  0.0  0.0  0.0  0.0  0.0  0.0  0.0  0.0  0.0  0.0  0.0  0.0  0.0  0.0  0.0  0.0  0.0  0.0  0.0  0.0  0.0  0.0  0.0  0.0  0.0  0.0  0.0  0.0  0.0  0.0  0.0  0.0  0.0  0.0  0.0  0.0  0.0  0.0  0.0  0.0  0.0  0.0  0.0  0.0  0.0  0.0  0.0  0.0  0.2  0.3  0.4  0.6  0.6  0.7  0.7  0.8  0.8  0.9  0.9  0.9  0.9  0.9
 55 |  1.0  0.9  0.9  0.8  0.8  0.7  0.6  0.5  0.4  0.2  0.0  0.0  0.0  0.0  0.0  0.0  0.0  0.0  0.0  0.0  0.0  0.0  0.0  0.0  0.0  0.0  0.0  0.0  0.0  0.0  0.0  0.0  0.0  0.0  0.0  0.0  0.0  0.0  0.0  0.0  0.0  0.0  0.0  0.0  0.0  0.0  0.0  0.0  0.0  0.0  0.0  0.0  0.0  0.0  0.0  0.0  0.0  0.0  0.0  0.0  0.0  0.0  0.0  0.0  0.0  0.0  0.0  0.0  0.0  0.0  0.0  0.0  0.0  0.0  0.0  0.2  0.4  0.5  0.6  0.7  0.8  0.8  0.9  0.9  0.9  1.0  1.0  1.0  1.0  1.0
 53 |  1.1  1.0  1.0  0.9  0.9  0.8  0.7  0.6  0.5  0.4  0.2  0.0  0.0  0.0  0.0  0.0  0.0  0.0  0.0  0.0  0.0  0.0  0.0  0.0  0.0  0.0  0.0  0.0  0.0  0.0  0.0  0.0  0.0  0.0  0.0  0.0  0.0  0.0  0.0  0.0  0.0  0.0  0.0  0.0  0.0  0.0  0.0  0.0  0.0  0.0  0.0  0.0  0.0  0.0  0.0  0.0  0.0  0.0  0.0  0.0  0.0  0.0  0.0  0.0  0.0  0.0  0.0  0.0  0.0  0.0  0.0  0.0  0.0  0.0  0.2  0.4  0.5  0.6  0.7  0.8  0.9  0.9  1.0  1.0  1.1  1.1  1.1  1.1  1.1  1.1
 51 |  1.2  1.2  1.1  1.1  1.0  0.9  0.8  0.7  0.6  0.5  0.3  0.1  0.0  0.0  0.0  0.0  0.0  0.0  0.0  0.0  0.0  0.0  0.0  0.0  0.0  0.0  0.0  0.0  0.0  0.0  0.0  0.0  0.0  0.0  0.0  0.0  0.0  0.0  0.0  0.0  0.0  0.0  0.0  0.0  0.0  0.0  0.0  0.0  0.0  0.0  0.0  0.0  0.0  0.0  0.0  0.0  0.0  0.0  0.0  0.0  0.0  0.0  0.0  0.0  0.0  0.0  0.0  0.0  0.0  0.0  0.0  0.0  0.0  0.1  0.3  0.5  0.6  0.7  0.8  0.9  1.0  1.1  1.1  1.2  1.2  1.2  1.2  1.2  1.2  1.2
 49 |  1.3  1.3  1.2  1.2  1.1  1.0  0.9  0.9  0.7  0.6  0.5  0.3  0.0  0.0  0.0  0.0  0.0  0.0  0.0  0.0  0.0  0.0  0.0  0.0  0.0  0.0  0.0  0.0  0.0  0.0  0.0  0.0  0.0  0.0  0.0  0.0  0.0  0.0  0.0  0.0  0.0  0.0  0.0  0.0  0.0  0.0  0.0  0.0  0.0  0.0  0.0  0.0  0.0  0.0  0.0  0.0  0.0  0.0  0.0  0.0  0.0  0.0  0.0  0.0  0.0  0.0  0.0  0.0  0.0  0.0  0.0  0.0  0.0  0.3  0.4  0.6  0.7  0.8  0.9  1.0  1.1  1.2  1.2  1.3  1.3  1.3  1.4  1.4  1.4  1.3
 47 |  1.4  1.4  1.3  1.3  1.2  1.2  1.0  1.0  0.9  0.7  0.6  0.4  0.2  0.0  0.0  0.0  0.0  0.0  0.0  0.0  0.0  0.0  0.0  0.0  0.0  0.0  0.0  0.0  0.0  0.0  0.0  0.0  0.0  0.0  0.0  0.0  0.0  0.0  0.0  0.0  0.0  0.0  0.0  0.0  0.0  0.0  0.0  0.0  0.0  0.0  0.0  0.0  0.0  0.0  0.0  0.0  0.0  0.0  0.0  0.0  0.0  0.0  0.0  0.0  0.0  0.0  0.0  0.0  0.0  0.0  0.0  0.0  0.2  0.4  0.6  0.7  0.8  0.9  1.0  1.1  1.2  1.3  1.3  1.4  1.4  1.4  1.5  1.5  1.5  1.4
 45 |  1.5  1.5  1.4  1.4  1.3  1.2  1.2  1.1  0.9  0.8  0.7  0.5  0.3  0.1  0.0  0.0  0.0  0.0  0.0  0.0  0.0  0.0  0.0  0.0  0.0  0.0  0.0  0.0  0.0  0.0  0.0  0.0  0.0  0.0  0.0  0.0  0.0  0.0  0.0  0.0  0.0  0.0  0.0  0.0  0.0  0.0  0.0  0.0  0.0  0.0  0.0  0.0  0.0  0.0  0.0  0.0  0.0  0.0  0.0  0.0  0.0  0.0  0.0  0.0  0.0  0.0  0.0  0.0  0.0  0.0  0.0  0.0  0.3  0.5  0.7  0.8  0.9  1.0  1.2  1.2  1.3  1.4  1.4  1.5  1.5  1.5  1.6  1.6  1.6  1.5
 43 |  1.6  1.6  1.5  1.5  1.4  1.4  1.3  1.2  1.0  0.9  0.8  0.6  0.4  0.2  0.0  0.0  0.0  0.0  0.0  0.0  0.0  0.0  0.0  0.0  0.0  0.0  0.0  0.0  0.0  0.0  0.0  0.0  0.0  0.0  0.0  0.0  0.0  0.0  0.0  0.0  0.0  0.0  0.0  0.0  0.0  0.0  0.0  0.0  0.0  0.0  0.0  0.0  0.0  0.0  0.0  0.0  0.0  0.0  0.0  0.0  0.0  0.0  0.0  0.0  0.0  0.0  0.0  0.0  0.0  0.0  0.0  0.2  0.4  0.6  0.8  0.9  1.0  1.2  1.2  1.3  1.4  1.5  1.5  1.6  1.6  1.6  1.7  1.7  1.7  1.6
 41 |  1.7  1.7  1.6  1.6  1.5  1.4  1.4  1.2  1.1  1.0  0.9  0.7  0.5  0.3  0.0  0.0  0.0  0.0  0.0  0.0  0.0  0.0  0.0  0.0  0.0  0.0  0.0  0.0  0.0  0.0  0.0  0.0  0.0  0.0  0.0  0.0  0.0  0.0  0.0  0.0  0.0  0.0  0.0  0.0  0.0  0.0  0.0  0.0  0.0  0.0  0.0  0.0  0.0  0.0  0.0  0.0  0.0  0.0  0.0  0.0  0.0  0.0  0.0  0.0  0.0  0.0  0.0  0.0  0.0  0.0  0.0  0.3  0.5  0.7  0.9  1.0  1.1  1.2  1.3  1.4  1.5  1.6  1.6  1.7  1.7  1.7  1.8  1.8  1.8  1.8
 39 |  1.8  1.8  1.7  1.7  1.6  1.5  1.4  1.3  1.2  1.1  1.0  0.8  0.6  0.4  0.2  0.0  0.0  0.0  0.0  0.0  0.0  0.0  0.0  0.0  0.0  0.0  0.0  0.0  0.0  0.0  0.0  0.0  0.0  0.0  0.0  0.0  0.0  0.0  0.0  0.0  0.0  0.0  0.0  0.0  0.0  0.0  0.0  0.0  0.0  0.0  0.0  0.0  0.0  0.0  0.0  0.0  0.0  0.0  0.0  0.0  0.0  0.0  0.0  0.0  0.0  0.0  0.0  0.0  0.0  0.0  0.1  0.4  0.6  0.8  0.9  1.1  1.2  1.3  1.4  1.5  1.6  1.7  1.7  1.8  1.8  1.8  1.9  1.9  1.9  1.9
 37 |  1.9  1.9  1.8  1.8  1.7  1.6  1.5  1.4  1.3  1.2  1.0  0.9  0.7  0.5  0.3  0.0  0.0  0.0  0.0  0.0  0.0  0.0  0.0  0.0  0.0  0.0  0.0  0.0  0.0  0.0  0.0  0.0  0.0  0.0  0.0  0.0  0.0  0.0  0.0  0.0  0.0  0.0  0.0  0.0  0.0  0.0  0.0  0.0  0.0  0.0  0.0  0.0  0.0  0.0  0.0  0.0  0.0  0.0  0.0  0.0  0.0  0.0  0.0  0.0  0.0  0.0  0.0  0.0  0.0  0.0  0.3  0.5  0.7  0.9  1.0  1.2  1.3  1.4  1.5  1.6  1.7  1.8  1.8  1.9  1.9  1.9  2.0  2.0  2.0  1.9
 35 |  2.0  2.0  1.9  1.9  1.8  1.7  1.6  1.5  1.4  1.3  1.1  1.0  0.8  0.6  0.4  0.1  0.0  0.0  0.0  0.0  0.0  0.0  0.0  0.0  0.0  0.0  0.0  0.0  0.0  0.0  0.0  0.0  0.0  0.0  0.0  0.0  0.0  0.0  0.0  0.0  0.0  0.0  0.0  0.0  0.0  0.0  0.0  0.0  0.0  0.0  0.0  0.0  0.0  0.0  0.0  0.0  0.0  0.0  0.0  0.0  0.0  0.0  0.0  0.0  0.0  0.0  0.0  0.0  0.0  0.0  0.4  0.6  0.8  1.0  1.1  1.3  1.4  1.5  1.6  1.7  1.8  1.9  1.9  2.0  2.0  2.0  2.1  2.1  2.1  2.0
 33 |  2.1  2.1  2.0  1.9  1.9  1.8  1.7  1.6  1.5  1.4  1.2  1.0  0.9  0.7  0.5  0.2  0.0  0.0  0.0  0.0  0.0  0.0  0.0  0.0  0.0  0.0  0.0  0.0  0.0  0.0  0.0  0.0  0.0  0.0  0.0  0.0  0.0  0.0  0.0  0.0  0.0  0.0  0.0  0.0  0.0  0.0  0.0  0.0  0.0  0.0  0.0  0.0  0.0  0.0  0.0  0.0  0.0  0.0  0.0  0.0  0.0  0.0  0.0  0.0  0.0  0.0  0.0  0.0  0.0  0.2  0.4  0.7  0.9  1.0  1.2  1.3  1.5  1.6  1.7  1.8  1.9  1.9  2.0  2.1  2.1  2.1  2.1  2.1  2.1  2.1
 31 |  2.2  2.1  2.1  2.0  1.9  1.9  1.8  1.7  1.6  1.4  1.3  1.1  1.0  0.8  0.6  0.3  0.0  0.0  0.0  0.0  0.0  0.0  0.0  0.0  0.0  0.0  0.0  0.0  0.0  0.0  0.0  0.0  0.0  0.0  0.0  0.0  0.0  0.0  0.0  0.0  0.0  0.0  0.0  0.0  0.0  0.0  0.0  0.0  0.0  0.0  0.0  0.0  0.0  0.0  0.0  0.0  0.0  0.0  0.0  0.0  0.0  0.0  0.0  0.0  0.0  0.0  0.0  0.0  0.0  0.3  0.5  0.8  0.9  1.1  1.3  1.4  1.5  1.7  1.8  1.9  1.9  2.0  2.1  2.1  2.2  2.2  2.2  2.2  2.2  2.2
 29 |  2.3  2.2  2.2  2.1  2.0  1.9  1.9  1.7  1.6  1.5  1.4  1.2  1.0  0.9  0.6  0.4  0.1  0.0  0.0  0.0  0.0  0.0  0.0  0.0  0.0  0.0  0.0  0.0  0.0  0.0  0.0  0.0  0.0  0.0  0.0  0.0  0.0  0.0  0.0  0.0  0.0  0.0  0.0  0.0  0.0  0.0  0.0  0.0  0.0  0.0  0.0  0.0  0.0  0.0  0.0  0.0  0.0  0.0  0.0  0.0  0.0  0.0  0.0  0.0  0.0  0.0  0.0  0.0  0.0  0.4  0.6  0.8  1.0  1.2  1.3  1.5  1.6  1.7  1.8  1.9  2.0  2.1  2.2  2.2  2.3  2.3  2.3  2.3  2.3  2.3
 27 |  2.3  2.3  2.3  2.2  2.1  2.0  1.9  1.8  1.7  1.6  1.4  1.3  1.1  0.9  0.7  0.5  0.2  0.0  0.0  0.0  0.0  0.0  0.0  0.0  0.0  0.0  0.0  0.0  0.0  0.0  0.0  0.0  0.0  0.0  0.0  0.0  0.0  0.0  0.0  0.0  0.0  0.0  0.0  0.0  0.0  0.0  0.0  0.0  0.0  0.0  0.0  0.0  0.0  0.0  0.0  0.0  0.0  0.0  0.0  0.0  0.0  0.0  0.0  0.0  0.0  0.0  0.0  0.0  0.1  0.4  0.7  0.9  1.1  1.3  1.4  1.6  1.7  1.8  1.9  2.0  2.1  2.2  2.3  2.3  2.3  2.3  2.4  2.4  2.4  2.3
 25 |  2.4  2.3  2.3  2.3  2.2  2.1  2.0  1.9  1.8  1.6  1.5  1.4  1.2  1.0  0.8  0.6  0.3  0.0  0.0  0.0  0.0  0.0  0.0  0.0  0.0  0.0  0.0  0.0  0.0  0.0  0.0  0.0  0.0  0.0  0.0  0.0  0.0  0.0  0.0  0.0  0.0  0.0  0.0  0.0  0.0  0.0  0.0  0.0  0.0  0.0  0.0  0.0  0.0  0.0  0.0  0.0  0.0  0.0  0.0  0.0  0.0  0.0  0.0  0.0  0.0  0.0  0.0  0.0  0.2  0.5  0.8  1.0  1.2  1.3  1.5  1.6  1.8  1.9  2.0  2.1  2.2  2.3  2.3  2.3  2.4  2.4  2.4  2.4  2.4  2.4
 23 |  2.4  2.4  2.4  2.3  2.3  2.2  2.1  2.0  1.8  1.7  1.6  1.4  1.2  1.1  0.9  0.6  0.4  0.0  0.0  0.0  0.0  0.0  0.0  0.0  0.0  0.0  0.0  0.0  0.0  0.0  0.0  0.0  0.0  0.0  0.0  0.0  0.0  0.0  0.0  0.0  0.0  0.0  0.0  0.0  0.0  0.0  0.0  0.0  0.0  0.0  0.0  0.0  0.0  0.0  0.0  0.0  0.0  0.0  0.0  0.0  0.0  0.0  0.0  0.0  0.0  0.0  0.0  0.0  0.3  0.6  0.8  1.0  1.2  1.4  1.5  1.7  1.8  1.9  2.1  2.2  2.3  2.3  2.4  2.4  2.4  2.4  2.6  2.6  2.6  2.6
 21 |  2.6  2.6  2.4  2.4  2.3  2.3  2.1  2.0  1.9  1.8  1.6  1.5  1.3  1.1  0.9  0.7  0.4  0.1  0.0  0.0  0.0  0.0  0.0  0.0  0.0  0.0  0.0  0.0  0.0  0.0  0.0  0.0  0.0  0.0  0.0  0.0  0.0  0.0  0.0  0.0  0.0  0.0  0.0  0.0  0.0  0.0  0.0  0.0  0.0  0.0  0.0  0.0  0.0  0.0  0.0  0.0  0.0  0.0  0.0  0.0  0.0  0.0  0.0  0.0  0.0  0.0  0.0  0.0  0.4  0.7  0.9  1.1  1.3  1.5  1.6  1.8  1.9  2.0  2.1  2.2  2.3  2.4  2.4  2.4  2.6  2.6  2.6  2.6  2.6  2.6
 19 |  2.6  2.6  2.6  2.4  2.4  2.3  2.2  2.1  2.0  1.8  1.7  1.5  1.4  1.2  1.0  0.8  0.5  0.2  0.0  0.0  0.0  0.0  0.0  0.0  0.0  0.0  0.0  0.0  0.0  0.0  0.0  0.0  0.0  0.0  0.0  0.0  0.0  0.0  0.0  0.0  0.0  0.0  0.0  0.0  0.0  0.0  0.0  0.0  0.0  0.0  0.0  0.0  0.0  0.0  0.0  0.0  0.0  0.0  0.0  0.0  0.0  0.0  0.0  0.0  0.0  0.0  0.0  0.2  0.5  0.7  1.0  1.2  1.4  1.5  1.7  1.8  2.0  2.1  2.2  2.3  2.4  2.4  2.6  2.6  2.6  2.6  2.7  2.7  2.7  2.7
 17 |  2.7  2.6  2.6  2.6  2.4  2.3  2.3  2.2  2.0  1.9  1.8  1.6  1.4  1.2  1.0  0.8  0.6  0.3  0.0  0.0  0.0  0.0  0.0  0.0  0.0  0.0  0.0  0.0  0.0  0.0  0.0  0.0  0.0  0.0  0.0  0.0  0.0  0.0  0.0  0.0  0.0  0.0  0.0  0.0  0.0  0.0  0.0  0.0  0.0  0.0  0.0  0.0  0.0  0.0  0.0  0.0  0.0  0.0  0.0  0.0  0.0  0.0  0.0  0.0  0.0  0.0  0.0  0.3  0.6  0.8  1.0  1.2  1.4  1.6  1.7  1.9  2.0  2.1  2.3  2.3  2.4  2.6  2.6  2.6  2.7  2.7  2.7  2.7  2.7  2.7
 15 |  2.7  2.7  2.7  2.6  2.6  2.4  2.3  2.2  2.1  2.0  1.8  1.7  1.5  1.3  1.1  0.9  0.7  0.4  0.0  0.0  0.0  0.0  0.0  0.0  0.0  0.0  0.0  0.0  0.0  0.0  0.0  0.0  0.0  0.0  0.0  0.0  0.0  0.0  0.0  0.0  0.0  0.0  0.0  0.0  0.0  0.0  0.0  0.0  0.0  0.0  0.0  0.0  0.0  0.0  0.0  0.0  0.0  0.0  0.0  0.0  0.0  0.0  0.0  0.0  0.0  0.0  0.0  0.3  0.6  0.9  1.1  1.3  1.5  1.6  1.8  1.9  2.1  2.2  2.3  2.4  2.4  2.6  2.6  2.7  2.7  2.7  2.8  2.8  2.8  2.7
 13 |  2.8  2.7  2.7  2.6  2.6  2.4  2.4  2.3  2.2  2.0  1.9  1.7  1.5  1.4  1.2  1.0  0.7  0.5  0.1  0.0  0.0  0.0  0.0  0.0  0.0  0.0  0.0  0.0  0.0  0.0  0.0  0.0  0.0  0.0  0.0  0.0  0.0  0.0  0.0  0.0  0.0  0.0  0.0  0.0  0.0  0.0  0.0  0.0  0.0  0.0  0.0  0.0  0.0  0.0  0.0  0.0  0.0  0.0  0.0  0.0  0.0  0.0  0.0  0.0  0.0  0.0  0.0  0.4  0.7  0.9  1.2  1.3  1.5  1.7  1.9  2.0  2.1  2.3  2.3  2.4  2.6  2.6  2.7  2.7  2.8  2.8  2.8  2.8  2.8  2.8
 11 |  2.8  2.8  2.7  2.7  2.6  2.6  2.4  2.3  2.2  2.1  1.9  1.8  1.6  1.4  1.2  1.0  0.8  0.5  0.2  0.0  0.0  0.0  0.0  0.0  0.0  0.0  0.0  0.0  0.0  0.0  0.0  0.0  0.0  0.0  0.0  0.0  0.0  0.0  0.0  0.0  0.0  0.0  0.0  0.0  0.0  0.0  0.0  0.0  0.0  0.0  0.0  0.0  0.0  0.0  0.0  0.0  0.0  0.0  0.0  0.0  0.0  0.0  0.0  0.0  0.0  0.0  0.1  0.5  0.8  1.0  1.2  1.4  1.6  1.7  1.9  2.1  2.2  2.3  2.4  2.6  2.6  2.7  2.7  2.8  2.8  2.8  2.8  2.9  2.8  2.8
  9 |  2.9  2.8  2.8  2.7  2.7  2.6  2.4  2.4  2.3  2.1  2.0  1.8  1.7  1.5  1.3  1.1  0.9  0.6  0.3  0.0  0.0  0.0  0.0  0.0  0.0  0.0  0.0  0.0  0.0  0.0  0.0  0.0  0.0  0.0  0.0  0.0  0.0  0.0  0.0  0.0  0.0  0.0  0.0  0.0  0.0  0.0  0.0  0.0  0.0  0.0  0.0  0.0  0.0  0.0  0.0  0.0  0.0  0.0  0.0  0.0  0.0  0.0  0.0  0.0  0.0  0.0  0.2  0.6  0.8  1.0  1.3  1.5  1.6  1.8  2.0  2.1  2.3  2.3  2.4  2.6  2.7  2.7  2.8  2.8  2.8  2.9  2.9  2.9  2.9  2.9
  7 |  2.9  2.9  2.8  2.8  2.7  2.6  2.6  2.4  2.3  2.2  2.0  1.9  1.7  1.5  1.3  1.1  0.9  0.7  0.4  0.0  0.0  0.0  0.0  0.0  0.0  0.0  0.0  0.0  0.0  0.0  0.0  0.0  0.0  0.0  0.0  0.0  0.0  0.0  0.0  0.0  0.0  0.0  0.0  0.0  0.0  0.0  0.0  0.0  0.0  0.0  0.0  0.0  0.0  0.0  0.0  0.0  0.0  0.0  0.0  0.0  0.0  0.0  0.0  0.0  0.0  0.0  0.3  0.6  0.9  1.1  1.3  1.5  1.7  1.9  2.0  2.2  2.3  2.4  2.6  2.6  2.7  2.8  2.8  2.9  2.9  2.9  2.9  2.9  2.9  2.9
  5 |  2.9  2.9  2.9  2.8  2.7  2.7  2.6  2.4  2.3  2.2  2.1  1.9  1.8  1.6  1.4  1.2  1.0  0.7  0.4  0.0  0.0  0.0  0.0  0.0  0.0  0.0  0.0  0.0  0.0  0.0  0.0  0.0  0.0  0.0  0.0  0.0  0.0  0.0  0.0  0.0  0.0  0.0  0.0  0.0  0.0  0.0  0.0  0.0  0.0  0.0  0.0  0.0  0.0  0.0  0.0  0.0  0.0  0.0  0.0  0.0  0.0  0.0  0.0  0.0  0.0  0.0  0.4  0.7  0.9  1.2  1.4  1.5  1.7  1.9  2.1  2.2  2.3  2.4  2.6  2.7  2.7  2.8  2.8  2.9  2.9  2.9  3.1  3.1  3.1  2.9
  3 |  3.1  2.9  2.9  2.8  2.8  2.7  2.6  2.6  2.4  2.3  2.1  2.0  1.8  1.6  1.4  1.2  1.0  0.8  0.5  0.1  0.0  0.0  0.0  0.0  0.0  0.0  0.0  0.0  0.0  0.0  0.0  0.0  0.0  0.0  0.0  0.0  0.0  0.0  0.0  0.0  0.0  0.0  0.0  0.0  0.0  0.0  0.0  0.0  0.0  0.0  0.0  0.0  0.0  0.0  0.0  0.0  0.0  0.0  0.0  0.0  0.0  0.0  0.0  0.0  0.0  0.1  0.5  0.7  1.0  1.2  1.4  1.6  1.8  1.9  2.1  2.3  2.4  2.4  2.6  2.7  2.8  2.8  2.9  2.9  3.1  3.1  3.1  3.1  3.1  3.1
  1 |  3.1  3.1  2.9  2.9  2.8  2.7  2.7  2.6  2.4  2.3  2.2  2.0  1.8  1.7  1.5  1.3  1.1  0.8  0.6  0.2  0.0  0.0  0.0  0.0  0.0  0.0  0.0  0.0  0.0  0.0  0.0  0.0  0.0  0.0  0.0  0.0  0.0  0.0  0.0  0.0  0.0  0.0  0.0  0.0  0.0  0.0  0.0  0.0  0.0  0.0  0.0  0.0  0.0  0.0  0.0  0.0  0.0  0.0  0.0  0.0  0.0  0.0  0.0  0.0  0.0  0.2  0.5  0.8  1.0  1.3  1.5  1.6  1.8  2.0  2.1  2.3  2.4  2.6  2.7  2.7  2.8  2.9  2.9  3.1  3.1  3.1  3.1  3.1  3.1  3.1
 -1 |  3.1  3.1  2.9  2.9  2.8  2.8  2.7  2.6  2.4  2.3  2.2  2.1  1.9  1.7  1.5  1.3  1.1  0.9  0.6  0.3  0.0  0.0  0.0  0.0  0.0  0.0  0.0  0.0  0.0  0.0  0.0  0.0  0.0  0.0  0.0  0.0  0.0  0.0  0.0  0.0  0.0  0.0  0.0  0.0  0.0  0.0  0.0  0.0  0.0  0.0  0.0  0.0  0.0  0.0  0.0  0.0  0.0  0.0  0.0  0.0  0.0  0.0  0.0  0.0  0.0  0.3  0.6  0.9  1.1  1.3  1.5  1.7  1.9  2.0  2.2  2.3  2.4  2.6  2.7  2.8  2.8  2.9  2.9  3.1  3.1  3.1  3.2  3.2  3.2  3.1
 -3 |  3.1  3.1  3.1  2.9  2.9  2.8  2.7  2.6  2.6  2.4  2.3  2.1  1.9  1.8  1.6  1.4  1.2  0.9  0.7  0.4  0.0  0.0  0.0  0.0  0.0  0.0  0.0  0.0  0.0  0.0  0.0  0.0  0.0  0.0  0.0  0.0  0.0  0.0  0.0  0.0  0.0  0.0  0.0  0.0  0.0  0.0  0.0  0.0  0.0  0.0  0.0  0.0  0.0  0.0  0.0  0.0  0.0  0.0  0.0  0.0  0.0  0.0  0.0  0.0  0.0  0.3  0.7  0.9  1.1  1.4  1.5  1.7  1.9  2.1  2.2  2.3  2.4  2.6  2.7  2.8  2.9  2.9  3.1  3.1  3.1  3.2  3.2  3.2  3.2  3.2
 -5 |  3.2  3.1  3.1  2.9  2.9  2.8  2.7  2.7  2.6  2.4  2.3  2.1  2.0  1.8  1.6  1.4  1.2  1.0  0.7  0.5  0.1  0.0  0.0  0.0  0.0  0.0  0.0  0.0  0.0  0.0  0.0  0.0  0.0  0.0  0.0  0.0  0.0  0.0  0.0  0.0  0.0  0.0  0.0  0.0  0.0  0.0  0.0  0.0  0.0  0.0  0.0  0.0  0.0  0.0  0.0  0.0  0.0  0.0  0.0  0.0  0.0  0.0  0.0  0.0  0.0  0.4  0.7  1.0  1.2  1.4  1.6  1.8  1.9  2.1  2.3  2.4  2.6  2.7  2.7  2.8  2.9  2.9  3.1  3.1  3.2  3.2  3.2  3.2  3.2  3.2
 -7 |  3.2  3.2  3.1  3.1  2.9  2.8  2.8  2.7  2.6  2.4  2.3  2.2  2.0  1.8  1.6  1.5  1.3  1.0  0.8  0.5  0.2  0.0  0.0  0.0  0.0  0.0  0.0  0.0  0.0  0.0  0.0  0.0  0.0  0.0  0.0  0.0  0.0  0.0  0.0  0.0  0.0  0.0  0.0  0.0  0.0  0.0  0.0  0.0  0.0  0.0  0.0  0.0  0.0  0.0  0.0  0.0  0.0  0.0  0.0  0.0  0.0  0.0  0.0  0.0  0.1  0.5  0.8  1.0  1.2  1.4  1.6  1.8  2.0  2.1  2.3  2.4  2.6  2.7  2.8  2.8  2.9  3.1  3.1  3.2  3.2  3.2  3.2  3.2  3.2  3.2
 -9 |  3.2  3.2  3.1  3.1  2.9  2.9  2.8  2.7  2.6  2.4  2.3  2.2  2.0  1.9  1.7  1.5  1.3  1.1  0.9  0.6  0.3  0.0  0.0  0.0  0.0  0.0  0.0  0.0  0.0  0.0  0.0  0.0  0.0  0.0  0.0  0.0  0.0  0.0  0.0  0.0  0.0  0.0  0.0  0.0  0.0  0.0  0.0  0.0  0.0  0.0  0.0  0.0  0.0  0.0  0.0  0.0  0.0  0.0  0.0  0.0  0.0  0.0  0.0  0.0  0.2  0.6  0.8  1.0  1.3  1.5  1.7  1.9  2.0  2.2  2.3  2.4  2.6  2.7  2.8  2.9  2.9  3.1  3.1  3.2  3.2  3.2  3.3  3.3  3.3  3.2
-11 |  3.2  3.2  3.2  3.1  3.1  2.9  2.8  2.7  2.6  2.6  2.4  2.2  2.1  1.9  1.7  1.5  1.3  1.1  0.9  0.6  0.3  0.0  0.0  0.0  0.0  0.0  0.0  0.0  0.0  0.0  0.0  0.0  0.0  0.0  0.0  0.0  0.0  0.0  0.0  0.0  0.0  0.0  0.0  0.0  0.0  0.0  0.0  0.0  0.0  0.0  0.0  0.0  0.0  0.0  0.0  0.0  0.0  0.0  0.0  0.0  0.0  0.0  0.0  0.0  0.3  0.6  0.9  1.1  1.3  1.5  1.7  1.9  2.1  2.2  2.3  2.4  2.6  2.7  2.8  2.9  2.9  3.1  3.2  3.2  3.2  3.3  3.3  3.3  3.3  3.3
-13 |  3.2  3.2  3.2  3.1  3.1  2.9  2.8  2.7  2.7  2.6  2.4  2.3  2.1  1.9  1.8  1.6  1.4  1.2  0.9  0.7  0.4  0.0  0.0  0.0  0.0  0.0  0.0  0.0  0.0  0.0  0.0  0.0  0.0  0.0  0.0  0.0  0.0  0.0  0.0  0.0  0.0  0.0  0.0  0.0  0.0  0.0  0.0  0.0  0.0  0.0  0.0  0.0  0.0  0.0  0.0  0.0  0.0  0.0  0.0  0.0  0.0  0.0  0.0  0.0  0.4  0.7  0.9  1.2  1.4  1.5  1.7  1.9  2.1  2.3  2.4  2.6  2.7  2.7  2.8  2.9  3.1  3.1  3.2  3.2  3.2  3.3  3.3  3.3  3.3  3.3
-15 |  3.3  3.2  3.2  3.1  3.1  2.9  2.8  2.8  2.7  2.6  2.4  2.3  2.1  2.0  1.8  1.6  1.4  1.2  1.0  0.8  0.5  0.1  0.0  0.0  0.0  0.0  0.0  0.0  0.0  0.0  0.0  0.0  0.0  0.0  0.0  0.0  0.0  0.0  0.0  0.0  0.0  0.0  0.0  0.0  0.0  0.0  0.0  0.0  0.0  0.0  0.0  0.0  0.0  0.0  0.0  0.0  0.0  0.0  0.0  0.0  0.0  0.0  0.0  0.1  0.4  0.7  1.0  1.2  1.4  1.6  1.8  1.9  2.1  2.3  2.4  2.6  2.7  2.8  2.8  2.9  3.1  3.1  3.2  3.2  3.3  3.3  3.3  3.3  3.3  3.3
-17 |  3.3  3.2  3.2  3.2  3.1  2.9  2.9  2.8  2.7  2.6  2.4  2.3  2.2  2.0  1.8  1.6  1.5  1.3  1.0  0.8  0.6  0.2  0.0  0.0  0.0  0.0  0.0  0.0  0.0  0.0  0.0  0.0  0.0  0.0  0.0  0.0  0.0  0.0  0.0  0.0  0.0  0.0  0.0  0.0  0.0  0.0  0.0  0.0  0.0  0.0  0.0  0.0  0.0  0.0  0.0  0.0  0.0  0.0  0.0  0.0  0.0  0.0  0.0  0.2  0.5  0.8  1.0  1.2  1.4  1.6  1.8  2.0  2.1  2.3  2.4  2.6  2.7  2.8  2.8  2.9  3.1  3.1  3.2  3.2  3.3  3.3  3.3  3.3  3.3  3.3
-19 |  3.3  3.2  3.2  3.2  3.1  2.9  2.9  2.8  2.7  2.6  2.4  2.3  2.2  2.0  1.9  1.7  1.5  1.3  1.1  0.9  0.6  0.3  0.0  0.0  0.0  0.0  0.0  0.0  0.0  0.0  0.0  0.0  0.0  0.0  0.0  0.0  0.0  0.0  0.0  0.0  0.0  0.0  0.0  0.0  0.0  0.0  0.0  0.0  0.0  0.0  0.0  0.0  0.0  0.0  0.0  0.0  0.0  0.0  0.0  0.0  0.0  0.0  0.0  0.3  0.6  0.8  1.0  1.3  1.5  1.7  1.8  2.0  2.2  2.3  2.4  2.6  2.7  2.8  2.9  2.9  3.1  3.2  3.2  3.2  3.3  3.3  3.3  3.3  3.3  3.3
-21 |  3.3  3.3  3.2  3.2  3.1  2.9  2.9  2.8  2.7  2.6  2.4  2.3  2.2  2.1  1.9  1.7  1.5  1.3  1.1  0.9  0.7  0.4  0.0  0.0  0.0  0.0  0.0  0.0  0.0  0.0  0.0  0.0  0.0  0.0  0.0  0.0  0.0  0.0  0.0  0.0  0.0  0.0  0.0  0.0  0.0  0.0  0.0  0.0  0.0  0.0  0.0  0.0  0.0  0.0  0.0  0.0  0.0  0.0  0.0  0.0  0.0  0.0  0.0  0.3  0.6  0.9  1.1  1.3  1.5  1.7  1.9  2.0  2.2  2.3  2.4  2.6  2.7  2.8  2.9  2.9  3.1  3.2  3.2  3.3  3.3  3.3  3.3  3.3  3.3  3.3
-23 |  3.3  3.3  3.2  3.2  3.1  3.1  2.9  2.8  2.7  2.6  2.4  2.3  2.2  2.1  1.9  1.7  1.6  1.4  1.2  1.0  0.7  0.5  0.1  0.0  0.0  0.0  0.0  0.0  0.0  0.0  0.0  0.0  0.0  0.0  0.0  0.0  0.0  0.0  0.0  0.0  0.0  0.0  0.0  0.0  0.0  0.0  0.0  0.0  0.0  0.0  0.0  0.0  0.0  0.0  0.0  0.0  0.0  0.0  0.0  0.0  0.0  0.0  0.1  0.4  0.7  0.9  1.2  1.3  1.5  1.7  1.9  2.1  2.2  2.3  2.4  2.6  2.7  2.8  2.9  2.9  3.1  3.2  3.2  3.3  3.3  3.3  3.3  3.3  3.3  3.3
-25 |  3.3  3.3  3.2  3.2  3.1  3.1  2.9  2.8  2.7  2.6  2.6  2.4  2.3  2.1  1.9  1.8  1.6  1.4  1.2  1.0  0.8  0.5  0.2  0.0  0.0  0.0  0.0  0.0  0.0  0.0  0.0  0.0  0.0  0.0  0.0  0.0  0.0  0.0  0.0  0.0  0.0  0.0  0.0  0.0  0.0  0.0  0.0  0.0  0.0  0.0  0.0  0.0  0.0  0.0  0.0  0.0  0.0  0.0  0.0  0.0  0.0  0.0  0.2  0.5  0.7  1.0  1.2  1.4  1.6  1.7  1.9  2.1  2.2  2.3  2.4  2.6  2.7  2.8  2.9  2.9  3.1  3.2  3.2  3.3  3.3  3.3  3.3  3.3  3.3  3.3
-27 |  3.3  3.3  3.2  3.2  3.1  3.1  2.9  2.8  2.7  2.7  2.6  2.4  2.3  2.1  1.9  1.8  1.6  1.4  1.2  1.0  0.8  0.6  0.3  0.0  0.0  0.0  0.0  0.0  0.0  0.0  0.0  0.0  0.0  0.0  0.0  0.0  0.0  0.0  0.0  0.0  0.0  0.0  0.0  0.0  0.0  0.0  0.0  0.0  0.0  0.0  0.0  0.0  0.0  0.0  0.0  0.0  0.0  0.0  0.0  0.0  0.0  0.0  0.3  0.6  0.8  1.0  1.2  1.4  1.6  1.8  1.9  2.1  2.3  2.4  2.6  2.6  2.7  2.8  2.9  3.1  3.1  3.2  3.2  3.3  3.3  3.3  3.3  3.3  3.3  3.3
-29 |  3.3  3.3  3.2  3.2  3.1  3.1  2.9  2.8  2.7  2.7  2.6  2.4  2.3  2.1  2.0  1.8  1.6  1.5  1.3  1.1  0.9  0.7  0.4  0.0  0.0  0.0  0.0  0.0  0.0  0.0  0.0  0.0  0.0  0.0  0.0  0.0  0.0  0.0  0.0  0.0  0.0  0.0  0.0  0.0  0.0  0.0  0.0  0.0  0.0  0.0  0.0  0.0  0.0  0.0  0.0  0.0  0.0  0.0  0.0  0.0  0.0  0.0  0.4  0.6  0.9  1.1  1.3  1.4  1.6  1.8  1.9  2.1  2.3  2.4  2.6  2.6  2.7  2.8  2.9  3.1  3.1  3.2  3.2  3.2  3.3  3.3  3.3  3.3  3.3  3.3
-31 |  3.3  3.2  3.2  3.2  3.1  3.1  2.9  2.8  2.7  2.7  2.6  2.4  2.3  2.1  2.0  1.8  1.7  1.5  1.3  1.1  0.9  0.7  0.5  0.2  0.0  0.0  0.0  0.0  0.0  0.0  0.0  0.0  0.0  0.0  0.0  0.0  0.0  0.0  0.0  0.0  0.0  0.0  0.0  0.0  0.0  0.0  0.0  0.0  0.0  0.0  0.0  0.0  0.0  0.0  0.0  0.0  0.0  0.0  0.0  0.0  0.0  0.1  0.4  0.7  0.9  1.1  1.3  1.5  1.6  1.8  2.0  2.1  2.3  2.4  2.6  2.6  2.7  2.8  2.9  2.9  3.1  3.2  3.2  3.2  3.3  3.3  3.3  3.3  3.3  3.3
-33 |  3.3  3.2  3.2  3.2  3.1  2.9  2.9  2.8  2.7  2.7  2.6  2.4  2.3  2.2  2.0  1.9  1.7  1.5  1.4  1.2  1.0  0.8  0.5  0.3  0.0  0.0  0.0  0.0  0.0  0.0  0.0  0.0  0.0  0.0  0.0  0.0  0.0  0.0  0.0  0.0  0.0  0.0  0.0  0.0  0.0  0.0  0.0  0.0  0.0  0.0  0.0  0.0  0.0  0.0  0.0  0.0  0.0  0.0  0.0  0.0  0.0  0.2  0.5  0.7  0.9  1.2  1.3  1.5  1.7  1.8  2.0  2.1  2.3  2.4  2.6  2.7  2.7  2.8  2.9  2.9  3.1  3.2  3.2  3.2  3.3  3.3  3.3  3.3  3.3  3.3
-35 |  3.2  3.2  3.2  3.1  3.1  2.9  2.9  2.8  2.7  2.7  2.6  2.4  2.3  2.2  2.0  1.9  1.7  1.5  1.4  1.2  1.0  0.8  0.6  0.4  0.0  0.0  0.0  0.0  0.0  0.0  0.0  0.0  0.0  0.0  0.0  0.0  0.0  0.0  0.0  0.0  0.0  0.0  0.0  0.0  0.0  0.0  0.0  0.0  0.0  0.0  0.0  0.0  0.0  0.0  0.0  0.0  0.0  0.0  0.0  0.0  0.0  0.3  0.6  0.8  1.0  1.2  1.4  1.5  1.7  1.9  2.0  2.1  2.3  2.4  2.6  2.6  2.7  2.8  2.9  2.9  3.1  3.1  3.2  3.2  3.2  3.3  3.3  3.3  3.3  3.3
-37 |  3.2  3.2  3.2  3.1  3.1  2.9  2.9  2.8  2.7  2.7  2.6  2.4  2.3  2.2  2.0  1.9  1.7  1.6  1.4  1.2  1.1  0.9  0.7  0.4  0.2  0.0  0.0  0.0  0.0  0.0  0.0  0.0  0.0  0.0  0.0  0.0  0.0  0.0  0.0  0.0  0.0  0.0  0.0  0.0  0.0  0.0  0.0  0.0  0.0  0.0  0.0  0.0  0.0  0.0  0.0  0.0  0.0  0.0  0.0  0.0  0.1  0.4  0.6  0.8  1.0  1.2  1.4  1.6  1.7  1.9  2.0  2.2  2.3  2.4  2.6  2.6  2.7  2.8  2.9  2.9  3.1  3.1  3.2  3.2  3.2  3.2  3.3  3.3  3.3  3.3
-39 |  3.2  3.2  3.2  3.1  3.1  2.9  2.9  2.8  2.7  2.7  2.6  2.4  2.3  2.2  2.0  1.9  1.8  1.6  1.4  1.3  1.1  0.9  0.7  0.5  0.3  0.0  0.0  0.0  0.0  0.0  0.0  0.0  0.0  0.0  0.0  0.0  0.0  0.0  0.0  0.0  0.0  0.0  0.0  0.0  0.0  0.0  0.0  0.0  0.0  0.0  0.0  0.0  0.0  0.0  0.0  0.0  0.0  0.0  0.0  0.0  0.2  0.5  0.7  0.9  1.1  1.3  1.4  1.6  1.7  1.9  2.0  2.2  2.3  2.4  2.6  2.6  2.7  2.8  2.9  2.9  3.1  3.1  3.2  3.2  3.2  3.2  3.2  3.2  3.2  3.2
-41 |  3.2  3.2  3.1  3.1  3.1  2.9  2.8  2.8  2.7  2.6  2.6  2.4  2.3  2.2  2.1  1.9  1.8  1.6  1.5  1.3  1.2  1.0  0.8  0.6  0.4  0.1  0.0  0.0  0.0  0.0  0.0  0.0  0.0  0.0  0.0  0.0  0.0  0.0  0.0  0.0  0.0  0.0  0.0  0.0  0.0  0.0  0.0  0.0  0.0  0.0  0.0  0.0  0.0  0.0  0.0  0.0  0.0  0.0  0.0  0.0  0.3  0.6  0.8  0.9  1.1  1.3  1.4  1.6  1.8  1.9  2.0  2.2  2.3  2.4  2.6  2.6  2.7  2.8  2.8  2.9  2.9  3.1  3.1  3.2  3.2  3.2  3.2  3.2  3.2  3.2
-43 |  3.2  3.1  3.1  3.1  2.9  2.9  2.8  2.8  2.7  2.6  2.6  2.4  2.3  2.2  2.1  1.9  1.8  1.6  1.5  1.3  1.2  1.0  0.8  0.6  0.4  0.2  0.0  0.0  0.0  0.0  0.0  0.0  0.0  0.0  0.0  0.0  0.0  0.0  0.0  0.0  0.0  0.0  0.0  0.0  0.0  0.0  0.0  0.0  0.0  0.0  0.0  0.0  0.0  0.0  0.0  0.0  0.0  0.0  0.0  0.2  0.4  0.6  0.8  1.0  1.2  1.3  1.5  1.6  1.8  1.9  2.0  2.2  2.3  2.4  2.6  2.6  2.7  2.8  2.8  2.9  2.9  3.1  3.1  3.1  3.2  3.2  3.2  3.2  3.2  3.2
-45 |  3.1  3.1  3.1  3.1  2.9  2.9  2.8  2.8  2.7  2.6  2.6  2.4  2.3  2.2  2.1  1.9  1.8  1.7  1.5  1.4  1.2  1.0  0.9  0.7  0.5  0.3  0.0  0.0  0.0  0.0  0.0  0.0  0.0  0.0  0.0  0.0  0.0  0.0  0.0  0.0  0.0  0.0  0.0  0.0  0.0  0.0  0.0  0.0  0.0  0.0  0.0  0.0  0.0  0.0  0.0  0.0  0.0  0.0  0.0  0.3  0.5  0.7  0.9  1.0  1.2  1.4  1.5  1.6  1.8  1.9  2.1  2.2  2.3  2.4  2.4  2.6  2.7  2.7  2.8  2.9  2.9  3.1  3.1  3.1  3.1  3.2  3.2  3.2  3.2  3.2
-47 |  3.1  3.1  3.1  2.9  2.9  2.8  2.8  2.7  2.7  2.6  2.4  2.4  2.3  2.2  2.1  1.9  1.8  1.7  1.5  1.4  1.3  1.1  0.9  0.8  0.6  0.4  0.2  0.0  0.0  0.0  0.0  0.0  0.0  0.0  0.0  0.0  0.0  0.0  0.0  0.0  0.0  0.0  0.0  0.0  0.0  0.0  0.0  0.0  0.0  0.0  0.0  0.0  0.0  0.0  0.0  0.0  0.0  0.0  0.1  0.4  0.6  0.8  0.9  1.1  1.2  1.4  1.5  1.7  1.8  1.9  2.1  2.2  2.3  2.4  2.4  2.6  2.7  2.7  2.8  2.8  2.9  2.9  3.1  3.1  3.1  3.1  3.1  3.1  3.1  3.1
-49 |  3.1  3.1  2.9  2.9  2.9  2.8  2.8  2.7  2.7  2.6  2.4  2.4  2.3  2.2  2.1  1.9  1.8  1.7  1.6  1.4  1.3  1.2  1.0  0.8  0.7  0.5  0.3  0.0  0.0  0.0  0.0  0.0  0.0  0.0  0.0  0.0  0.0  0.0  0.0  0.0  0.0  0.0  0.0  0.0  0.0  0.0  0.0  0.0  0.0  0.0  0.0  0.0  0.0  0.0  0.0  0.0  0.0  0.0  0.3  0.5  0.6  0.8  1.0  1.1  1.3  1.4  1.5  1.7  1.8  1.9  2.1  2.2  2.3  2.4  2.4  2.6  2.7  2.7  2.8  2.8  2.9  2.9  2.9  3.1  3.1  3.1  3.1  3.1  3.1  3.1
-51 |  3.1  2.9  2.9  2.9  2.8  2.8  2.8  2.7  2.6  2.6  2.4  2.4  2.3  2.2  2.1  1.9  1.8  1.7  1.6  1.5  1.3  1.2  1.0  0.9  0.7  0.6  0.4  0.2  0.0  0.0  0.0  0.0  0.0  0.0  0.0  0.0  0.0  0.0  0.0  0.0  0.0  0.0  0.0  0.0  0.0  0.0  0.0  0.0  0.0  0.0  0.0  0.0  0.0  0.0  0.0  0.0  0.0  0.2  0.4  0.6  0.7  0.9  1.0  1.2  1.3  1.4  1.6  1.7  1.8  1.9  2.1  2.2  2.3  2.3  2.4  2.6  2.6  2.7  2.7  2.8  2.8  2.9  2.9  2.9  3.1  3.1  3.1  3.1  3.1  3.1
-53 |  2.9  2.9  2.9  2.8  2.8  2.8  2.7  2.7  2.6  2.6  2.4  2.3  2.3  2.2  2.1  2.0  1.8  1.7  1.6  1.5  1.4  1.2  1.1  0.9  0.8  0.7  0.5  0.3  0.1  0.0  0.0  0.0  0.0  0.0  0.0  0.0  0.0  0.0  0.0  0.0  0.0  0.0  0.0  0.0  0.0  0.0  0.0  0.0  0.0  0.0  0.0  0.0  0.0  0.0  0.0  0.0  0.1  0.3  0.5  0.6  0.8  0.9  1.1  1.2  1.3  1.5  1.6  1.7  1.8  1.9  2.1  2.2  2.3  2.3  2.4  2.6  2.6  2.7  2.7  2.8  2.8  2.8  2.9  2.9  2.9  2.9  2.9  2.9  2.9  2.9
-55 |  2.9  2.9  2.8  2.8  2.8  2.7  2.7  2.7  2.6  2.4  2.4  2.3  2.3  2.2  2.1  2.0  1.9  1.7  1.6  1.5  1.4  1.3  1.1  1.0  0.9  0.7  0.6  0.4  0.3  0.1  0.0  0.0  0.0  0.0  0.0  0.0  0.0  0.0  0.0  0.0  0.0  0.0  0.0  0.0  0.0  0.0  0.0  0.0  0.0  0.0  0.0  0.0  0.0  0.0  0.0  0.0  0.2  0.4  0.6  0.7  0.9  1.0  1.1  1.2  1.4  1.5  1.6  1.7  1.8  1.9  2.1  2.1  2.3  2.3  2.4  2.4  2.6  2.6  2.7  2.7  2.8  2.8  2.8  2.9  2.9  2.9  2.9  2.9  2.9  2.9
-57 |  2.8  2.8  2.8  2.8  2.7  2.7  2.7  2.6  2.6  2.4  2.4  2.3  2.3  2.1  2.1  1.9  1.9  1.7  1.6  1.5  1.4  1.3  1.2  1.0  0.9  0.8  0.7  0.5  0.4  0.2  0.0  0.0  0.0  0.0  0.0  0.0  0.0  0.0  0.0  0.0  0.0  0.0  0.0  0.0  0.0  0.0  0.0  0.0  0.0  0.0  0.0  0.0  0.0  0.0  0.0  0.2  0.4  0.5  0.7  0.8  0.9  1.0  1.2  1.3  1.4  1.5  1.6  1.7  1.8  1.9  2.0  2.1  2.2  2.3  2.4  2.4  2.6  2.6  2.7  2.7  2.7  2.8  2.8  2.8  2.8  2.9  2.9  2.9  2.9  2.9
-59 |  2.8  2.8  2.8  2.7  2.7  2.7  2.6  2.6  2.6  2.4  2.4  2.3  2.2  2.1  2.0  1.9  1.9  1.8  1.6  1.5  1.4  1.3  1.2  1.1  1.0  0.9  0.7  0.6  0.5  0.4  0.2  0.0  0.0  0.0  0.0  0.0  0.0  0.0  0.0  0.0  0.0  0.0  0.0  0.0  0.0  0.0  0.0  0.0  0.0  0.0  0.0  0.0  0.0  0.0  0.2  0.3  0.5  0.6  0.7  0.9  1.0  1.1  1.2  1.3  1.4  1.5  1.6  1.7  1.8  1.9  2.0  2.1  2.2  2.3  2.3  2.4  2.4  2.6  2.6  2.7  2.7  2.7  2.8  2.8  2.8  2.8  2.8  2.8  2.8  2.8
-61 |  2.8  2.7  2.7  2.7  2.7  2.6  2.6  2.6  2.4  2.4  2.3  2.3  2.2  2.1  2.0  1.9  1.9  1.8  1.7  1.6  1.5  1.4  1.3  1.2  1.0  0.9  0.8  0.7  0.6  0.5  0.4  0.2  0.1  0.0  0.0  0.0  0.0  0.0  0.0  0.0  0.0  0.0  0.0  0.0  0.0  0.0  0.0  0.0  0.0  0.0  0.0  0.0  0.1  0.2  0.3  0.5  0.6  0.7  0.8  0.9  1.0  1.1  1.2  1.4  1.4  1.5  1.6  1.7  1.8  1.9  2.0  2.1  2.2  2.3  2.3  2.4  2.4  2.6  2.6  2.6  2.7  2.7  2.7  2.7  2.8  2.8  2.8  2.8  2.8  2.8
-63 |  2.7  2.7  2.7  2.7  2.6  2.6  2.6  2.4  2.4  2.4  2.3  2.3  2.2  2.1  2.0  1.9  1.9  1.8  1.7  1.6  1.5  1.4  1.3  1.2  1.1  1.0  0.9  0.8  0.7  0.6  0.5  0.4  0.3  0.2  0.0  0.0  0.0  0.0  0.0  0.0  0.0  0.0  0.0  0.0  0.0  0.0  0.0  0.0  0.0  0.0  0.0  0.2  0.3  0.4  0.5  0.6  0.7  0.8  0.9  1.0  1.1  1.2  1.3  1.4  1.5  1.6  1.7  1.8  1.8  1.9  2.0  2.1  2.2  2.3  2.3  2.3  2.4  2.4  2.6  2.6  2.6  2.7  2.7  2.7  2.7  2.7  2.7  2.7  2.7  2.7
-65 |  2.7  2.7  2.6  2.6  2.6  2.6  2.4  2.4  2.4  2.3  2.3  2.2  2.2  2.1  2.0  1.9  1.9  1.8  1.7  1.6  1.5  1.4  1.3  1.2  1.2  1.1  1.0  0.9  0.8  0.7  0.6  0.5  0.4  0.3  0.3  0.2  0.1  0.0  0.0  0.0  0.0  0.0  0.0  0.0  0.0  0.0  0.0  0.0  0.1  0.2  0.2  0.3  0.4  0.5  0.6  0.7  0.8  0.9  1.0  1.0  1.2  1.2  1.3  1.4  1.5  1.6  1.7  1.8  1.8  1.9  2.0  2.1  2.1  2.2  2.3  2.3  2.4  2.4  2.4  2.6  2.6  2.6  2.6  2.7  2.7  2.7  2.7  2.7  2.7  2.7
-67 |  2.6  2.6  2.6  2.6  2.6  2.4  2.4  2.4  2.3  2.3  2.3  2.2  2.1  2.1  2.0  1.9  1.8  1.8  1.7  1.6  1.5  1.4  1.4  1.3  1.2  1.1  1.0  0.9  0.9  0.8  0.7  0.6  0.6  0.5  0.4  0.4  0.3  0.2  0.2  0.2  0.1  0.1  0.1  0.1  0.1  0.1  0.2  0.2  0.3  0.3  0.4  0.5  0.6  0.6  0.7  0.8  0.9  0.9  1.0  1.1  1.2  1.3  1.4  1.4  1.5  1.6  1.7  1.8  1.8  1.9  2.0  2.1  2.1  2.2  2.3  2.3  2.3  2.4  2.4  2.4  2.6  2.6  2.6  2.6  2.6  2.6  2.6  2.6  2.6  2.6
-69 |  2.6  2.6  2.6  2.4  2.4  2.4  2.4  2.3  2.3  2.3  2.2  2.2  2.1  2.0  2.0  1.9  1.8  1.8  1.7  1.6  1.5  1.5  1.4  1.3  1.2  1.2  1.1  1.0  1.0  0.9  0.8  0.7  0.7  0.6  0.6  0.5  0.5  0.4  0.4  0.4  0.3  0.3  0.3  0.3  0.3  0.4  0.4  0.4  0.5  0.5  0.6  0.6  0.7  0.7  0.8  0.9  0.9  1.0  1.1  1.2  1.2  1.3  1.4  1.5  1.5  1.6  1.7  1.8  1.8  1.9  2.0  2.0  2.1  2.1  2.2  2.3  2.3  2.3  2.4  2.4  2.4  2.4  2.4  2.6  2.6  2.6  2.6  2.6  2.6  2.6
-71 |  2.4  2.4  2.4  2.4  2.4  2.3  2.3  2.3  2.3  2.2  2.2  2.1  2.1  2.0  1.9  1.9  1.8  1.8  1.7  1.6  1.6  1.5  1.4  1.4  1.3  1.2  1.2  1.1  1.0  1.0  0.9  0.9  0.8  0.7  0.7  0.7  0.6  0.6  0.6  0.5  0.5  0.5  0.5  0.5  0.5  0.5  0.6  0.6  0.6  0.6  0.7  0.7  0.8  0.9  0.9  1.0  1.0  1.1  1.2  1.2  1.3  1.4  1.4  1.5  1.6  1.6  1.7  1.8  1.8  1.9  1.9  2.0  2.1  2.1  2.2  2.2  2.3  2.3  2.3  2.3  2.4  2.4  2.4  2.4  2.4  2.4  2.4  2.4  2.4  2.4
-73 |  2.4  2.4  2.4  2.3  2.3  2.3  2.3  2.3  2.2  2.2  2.1  2.1  2.0  2.0  1.9  1.9  1.8  1.8  1.7  1.6  1.6  1.5  1.5  1.4  1.4  1.3  1.2  1.2  1.1  1.0  1.0  0.9  0.9  0.9  0.8  0.8  0.7  0.7  0.7  0.7  0.7  0.7  0.6  0.7  0.7  0.7  0.7  0.7  0.7  0.8  0.8  0.9  0.9  0.9  1.0  1.0  1.1  1.2  1.2  1.3  1.3  1.4  1.5  1.5  1.6  1.6  1.7  1.8  1.8  1.9  1.9  2.0  2.0  2.1  2.1  2.2  2.2  2.3  2.3  2.3  2.3  2.3  2.4  2.4  2.4  2.4  2.4  2.4  2.4  2.4
-75 |  2.3  2.3  2.3  2.3  2.3  2.3  2.2  2.2  2.2  2.1  2.1  2.0  2.0  1.9  1.9  1.9  1.8  1.8  1.7  1.7  1.6  1.5  1.5  1.4  1.4  1.3  1.3  1.2  1.2  1.2  1.1  1.0  1.0  1.0  0.9  0.9  0.9  0.9  0.8  0.8  0.8  0.8  0.8  0.8  0.8  0.8  0.8  0.9  0.9  0.9  0.9  1.0  1.0  1.0  1.1  1.1  1.2  1.2  1.3  1.3  1.4  1.4  1.5  1.5  1.6  1.6  1.7  1.8  1.8  1.9  1.9  1.9  2.0  2.0  2.1  2.1  2.1  2.2  2.2  2.3  2.3  2.3  2.3  2.3  2.3  2.3  2.3  2.3  2.3  2.3
-77 |  2.3  2.3  2.2  2.2  2.2  2.2  2.1  2.1  2.1  2.1  2.0  2.0  2.0  1.9  1.9  1.8  1.8  1.7  1.7  1.7  1.6  1.6  1.5  1.5  1.4  1.4  1.3  1.3  1.3  1.2  1.2  1.2  1.1  1.1  1.0  1.0  1.0  1.0  1.0  0.9  0.9  0.9  0.9  0.9  0.9  0.9  1.0  1.0  1.0  1.0  1.0  1.1  1.1  1.1  1.2  1.2  1.2  1.3  1.3  1.4  1.4  1.5  1.5  1.6  1.6  1.7  1.7  1.7  1.8  1.8  1.9  1.9  1.9  2.0  2.0  2.1  2.1  2.1  2.1  2.2  2.2  2.2  2.2  2.3  2.3  2.3  2.3  2.3  2.3  2.3
-79 |  2.2  2.2  2.1  2.1  2.1  2.1  2.1  2.1  2.0  2.0  2.0  1.9  1.9  1.9  1.9  1.8  1.8  1.7  1.7  1.7  1.6  1.6  1.5  1.5  1.5  1.4  1.4  1.4  1.3  1.3  1.3  1.2  1.2  1.2  1.2  1.1  1.1  1.1  1.1  1.1  1.1  1.0  1.0  1.0  1.1  1.1  1.1  1.1  1.1  1.1  1.2  1.2  1.2  1.2  1.3  1.3  1.3  1.4  1.4  1.4  1.5  1.5  1.5  1.6  1.6  1.7  1.7  1.7  1.8  1.8  1.9  1.9  1.9  1.9  2.0  2.0  2.0  2.1  2.1  2.1  2.1  2.1  2.1  2.2  2.2  2.2  2.2  2.2  2.2  2.2
-81 |  2.1  2.1  2.1  2.1  2.0  2.0  2.0  2.0  2.0  1.9  1.9  1.9  1.9  1.9  1.8  1.8  1.8  1.7  1.7  1.7  1.6  1.6  1.6  1.5  1.5  1.5  1.5  1.4  1.4  1.4  1.3  1.3  1.3  1.3  1.2  1.2  1.2  1.2  1.2  1.2  1.2  1.2  1.2  1.2  1.2  1.2  1.2  1.2  1.2  1.2  1.2  1.3  1.3  1.3  1.3  1.4  1.4  1.4  1.4  1.5  1.5  1.5  1.6  1.6  1.6  1.7  1.7  1.7  1.8  1.8  1.8  1.9  1.9  1.9  1.9  1.9  2.0  2.0  2.0  2.0  2.0  2.1  2.1  2.1  2.1  2.1  2.1  2.1  2.1  2.1
-83 |  2.0  2.0  2.0  2.0  2.0  1.9  1.9  1.9  1.9  1.9  1.9  1.9  1.8  1.8  1.8  1.8  1.7  1.7  1.7  1.7  1.6  1.6  1.6  1.6  1.5  1.5  1.5  1.5  1.5  1.4  1.4  1.4  1.4  1.4  1.4  1.3  1.3  1.3  1.3  1.3  1.3  1.3  1.3  1.3  1.3  1.3  1.3  1.3  1.3  1.3  1.4  1.4  1.4  1.4  1.4  1.4  1.5  1.5  1.5  1.5  1.5  1.6  1.6  1.6  1.6  1.7  1.7  1.7  1.7  1.8  1.8  1.8  1.8  1.9  1.9  1.9  1.9  1.9  1.9  1.9  2.0  2.0  2.0  2.0  2.0  2.0  2.0  2.0  2.0  2.0
-85 |  1.9  1.9  1.9  1.9  1.9  1.9  1.9  1.9  1.8  1.8  1.8  1.8  1.8  1.8  1.8  1.7  1.7  1.7  1.7  1.7  1.7  1.6  1.6  1.6  1.6  1.6  1.5  1.5  1.5  1.5  1.5  1.5  1.5  1.5  1.4  1.4  1.4  1.4  1.4  1.4  1.4  1.4  1.4  1.4  1.4  1.4  1.4  1.4  1.4  1.4  1.4  1.5  1.5  1.5  1.5  1.5  1.5  1.5  1.5  1.6  1.6  1.6  1.6  1.6  1.6  1.7  1.7  1.7  1.7  1.7  1.8  1.8  1.8  1.8  1.8  1.8  1.8  1.9  1.9  1.9  1.9  1.9  1.9  1.9  1.9  1.9  1.9  1.9  1.9  1.9
-87 |  1.8  1.8  1.8  1.8  1.8  1.8  1.8  1.8  1.8  1.8  1.8  1.7  1.7  1.7  1.7  1.7  1.7  1.7  1.7  1.7  1.7  1.6  1.6  1.6  1.6  1.6  1.6  1.6  1.6  1.6  1.6  1.6  1.5  1.5  1.5  1.5  1.5  1.5  1.5  1.5  1.5  1.5  1.5  1.5  1.5  1.5  1.5  1.5  1.5  1.5  1.5  1.5  1.5  1.6  1.6  1.6  1.6  1.6  1.6  1.6  1.6  1.6  1.6  1.6  1.7  1.7  1.7  1.7  1.7  1.7  1.7  1.7  1.7  1.7  1.8  1.8  1.8  1.8  1.8  1.8  1.8  1.8  1.8  1.8  1.8  1.8  1.8  1.8  1.8  1.8
-89 |  1.7  1.7  1.7  1.7  1.7  1.7  1.7  1.7  1.7  1.7  1.7  1.7  1.7  1.7  1.7  1.7  1.7  1.7  1.7  1.7  1.7  1.7  1.7  1.7  1.6  1.6  1.6  1.6  1.6  1.6  1.6  1.6  1.6  1.6  1.6  1.6  1.6  1.6  1.6  1.6  1.6  1.6  1.6  1.6  1.6  1.6  1.6  1.6  1.6  1.6  1.6  1.6  1.6  1.6  1.6  1.6  1.6  1.6  1.6  1.6  1.6  1.7  1.7  1.7  1.7  1.7  1.7  1.7  1.7  1.7  1.7  1.7  1.7  1.7  1.7  1.7  1.7  1.7  1.7  1.7  1.7  1.7  1.7  1.7  1.7  1.7  1.7  1.7  1.7  1.7
