# DRAP Tabular Values
# Product: D-Region Absorption         /images/drap2_tab.txt
# Product Valid At : 2025-12-22 20:07 UTC
#
# Prepared by the U.S. Dept. of Commerce, NOAA, Space Weather Prediction Center.
# Please send comments and suggestions to SWPC.Webmaster@noaa.gov
#
# Estimated Recovery Time : No Estimate
#
#  X-RAY Message : Normal X-ray Background
#
#  X-RAY Warning :  
#
#  Proton Message : Normal Proton Background
#
#  Proton Warning : 
#
# Frequency (MHz) as a function of Latitude and Longitude
#
      -178 -174 -170 -166 -162 -158 -154 -150 -146 -142 -138 -134 -130 -126 -122 -118 -114 -110 -106 -102  -98  -94  -90  -86  -82  -78  -74  -70  -66  -62  -58  -54  -50  -46  -42  -38  -34  -30  -26  -22  -18  -14  -10   -6   -2    2    6   10   14   18   22   26   30   34   38   42   46   50   54   58   62   66   70   74   78   82   86   90   94   98  102  106  110  114  118  122  126  130  134  138  142  146  150  154  158  162  166  170  174  178
------------------------------------------------------------------------------------------------------------------------------------------------------------------------------------------------------------------------------------------------------------------------------------------------------------------------------------------------------------------------------------------------------------------------------------------------------------------------
 89 |  0.0  0.0  0.0  0.0  0.0  0.0  0.0  0.0  0.0  0.0  0.0  0.0  0.0  0.0  0.0  0.0  0.0  0.0  0.0  0.0  0.0  0.0  0.0  0.0  0.0  0.0  0.0  0.0  0.0  0.0  0.0  0.0  0.0  0.0  0.0  0.0  0.0  0.0  0.0  0.0  0.0  0.0  0.0  0.0  0.0  0.0  0.0  0.0  0.0  0.0  0.0  0.0  0.0  0.0  0.0  0.0  0.0  0.0  0.0  0.0  0.0  0.0  0.0  0.0  0.0  0.0  0.0  0.0  0.0  0.0  0.0  0.0  0.0  0.0  0.0  0.0  0.0  0.0  0.0  0.0  0.0  0.0  0.0  0.0  0.0  0.0  0.0  0.0  0.0  0.0
 87 |  0.0  0.0  0.0  0.0  0.0  0.0  0.0  0.0  0.0  0.0  0.0  0.0  0.0  0.0  0.0  0.0  0.0  0.0  0.0  0.0  0.0  0.0  0.0  0.0  0.0  0.0  0.0  0.0  0.0  0.0  0.0  0.0  0.0  0.0  0.0  0.0  0.0  0.0  0.0  0.0  0.0  0.0  0.0  0.0  0.0  0.0  0.0  0.0  0.0  0.0  0.0  0.0  0.0  0.0  0.0  0.0  0.0  0.0  0.0  0.0  0.0  0.0  0.0  0.0  0.0  0.0  0.0  0.0  0.0  0.0  0.0  0.0  0.0  0.0  0.0  0.0  0.0  0.0  0.0  0.0  0.0  0.0  0.0  0.0  0.0  0.0  0.0  0.0  0.0  0.0
 85 |  0.0  0.0  0.0  0.0  0.0  0.0  0.0  0.0  0.0  0.0  0.0  0.0  0.0  0.0  0.0  0.0  0.0  0.0  0.0  0.0  0.0  0.0  0.0  0.0  0.0  0.0  0.0  0.0  0.0  0.0  0.0  0.0  0.0  0.0  0.0  0.0  0.0  0.0  0.0  0.0  0.0  0.0  0.0  0.0  0.0  0.0  0.0  0.0  0.0  0.0  0.0  0.0  0.0  0.0  0.0  0.0  0.0  0.0  0.0  0.0  0.0  0.0  0.0  0.0  0.0  0.0  0.0  0.0  0.0  0.0  0.0  0.0  0.0  0.0  0.0  0.0  0.0  0.0  0.0  0.0  0.0  0.0  0.0  0.0  0.0  0.0  0.0  0.0  0.0  0.0
 83 |  0.0  0.0  0.0  0.0  0.0  0.0  0.0  0.0  0.0  0.0  0.0  0.0  0.0  0.0  0.0  0.0  0.0  0.0  0.0  0.0  0.0  0.0  0.0  0.0  0.0  0.0  0.0  0.0  0.0  0.0  0.0  0.0  0.0  0.0  0.0  0.0  0.0  0.0  0.0  0.0  0.0  0.0  0.0  0.0  0.0  0.0  0.0  0.0  0.0  0.0  0.0  0.0  0.0  0.0  0.0  0.0  0.0  0.0  0.0  0.0  0.0  0.0  0.0  0.0  0.0  0.0  0.0  0.0  0.0  0.0  0.0  0.0  0.0  0.0  0.0  0.0  0.0  0.0  0.0  0.0  0.0  0.0  0.0  0.0  0.0  0.0  0.0  0.0  0.0  0.0
 81 |  0.0  0.0  0.0  0.0  0.0  0.0  0.0  0.0  0.0  0.0  0.0  0.0  0.0  0.0  0.0  0.0  0.0  0.0  0.0  0.0  0.0  0.0  0.0  0.0  0.0  0.0  0.0  0.0  0.0  0.0  0.0  0.0  0.0  0.0  0.0  0.0  0.0  0.0  0.0  0.0  0.0  0.0  0.0  0.0  0.0  0.0  0.0  0.0  0.0  0.0  0.0  0.0  0.0  0.0  0.0  0.0  0.0  0.0  0.0  0.0  0.0  0.0  0.0  0.0  0.0  0.0  0.0  0.0  0.0  0.0  0.0  0.0  0.0  0.0  0.0  0.0  0.0  0.0  0.0  0.0  0.0  0.0  0.0  0.0  0.0  0.0  0.0  0.0  0.0  0.0
 79 |  0.0  0.0  0.0  0.0  0.0  0.0  0.0  0.0  0.0  0.0  0.0  0.0  0.0  0.0  0.0  0.0  0.0  0.0  0.0  0.0  0.0  0.0  0.0  0.0  0.0  0.0  0.0  0.0  0.0  0.0  0.0  0.0  0.0  0.0  0.0  0.0  0.0  0.0  0.0  0.0  0.0  0.0  0.0  0.0  0.0  0.0  0.0  0.0  0.0  0.0  0.0  0.0  0.0  0.0  0.0  0.0  0.0  0.0  0.0  0.0  0.0  0.0  0.0  0.0  0.0  0.0  0.0  0.0  0.0  0.0  0.0  0.0  0.0  0.0  0.0  0.0  0.0  0.0  0.0  0.0  0.0  0.0  0.0  0.0  0.0  0.0  0.0  0.0  0.0  0.0
 77 |  0.0  0.0  0.0  0.0  0.0  0.0  0.0  0.0  0.0  0.0  0.0  0.0  0.0  0.0  0.0  0.0  0.0  0.0  0.0  0.0  0.0  0.0  0.0  0.0  0.0  0.0  0.0  0.0  0.0  0.0  0.0  0.0  0.0  0.0  0.0  0.0  0.0  0.0  0.0  0.0  0.0  0.0  0.0  0.0  0.0  0.0  0.0  0.0  0.0  0.0  0.0  0.0  0.0  0.0  0.0  0.0  0.0  0.0  0.0  0.0  0.0  0.0  0.0  0.0  0.0  0.0  0.0  0.0  0.0  0.0  0.0  0.0  0.0  0.0  0.0  0.0  0.0  0.0  0.0  0.0  0.0  0.0  0.0  0.0  0.0  0.0  0.0  0.0  0.0  0.0
 75 |  0.0  0.0  0.0  0.0  0.0  0.0  0.0  0.0  0.0  0.0  0.0  0.0  0.0  0.0  0.0  0.0  0.0  0.0  0.0  0.0  0.0  0.0  0.0  0.0  0.0  0.0  0.0  0.0  0.0  0.0  0.0  0.0  0.0  0.0  0.0  0.0  0.0  0.0  0.0  0.0  0.0  0.0  0.0  0.0  0.0  0.0  0.0  0.0  0.0  0.0  0.0  0.0  0.0  0.0  0.0  0.0  0.0  0.0  0.0  0.0  0.0  0.0  0.0  0.0  0.0  0.0  0.0  0.0  0.0  0.0  0.0  0.0  0.0  0.0  0.0  0.0  0.0  0.0  0.0  0.0  0.0  0.0  0.0  0.0  0.0  0.0  0.0  0.0  0.0  0.0
 73 |  0.0  0.0  0.0  0.0  0.0  0.0  0.0  0.0  0.0  0.0  0.0  0.0  0.0  0.0  0.0  0.0  0.0  0.0  0.0  0.0  0.0  0.0  0.0  0.0  0.0  0.0  0.0  0.0  0.0  0.0  0.0  0.0  0.0  0.0  0.0  0.0  0.0  0.0  0.0  0.0  0.0  0.0  0.0  0.0  0.0  0.0  0.0  0.0  0.0  0.0  0.0  0.0  0.0  0.0  0.0  0.0  0.0  0.0  0.0  0.0  0.0  0.0  0.0  0.0  0.0  0.0  0.0  0.0  0.0  0.0  0.0  0.0  0.0  0.0  0.0  0.0  0.0  0.0  0.0  0.0  0.0  0.0  0.0  0.0  0.0  0.0  0.0  0.0  0.0  0.0
 71 |  0.0  0.0  0.0  0.0  0.0  0.0  0.0  0.0  0.0  0.0  0.0  0.0  0.0  0.0  0.0  0.0  0.0  0.0  0.0  0.0  0.0  0.0  0.0  0.0  0.0  0.0  0.0  0.0  0.0  0.0  0.0  0.0  0.0  0.0  0.0  0.0  0.0  0.0  0.0  0.0  0.0  0.0  0.0  0.0  0.0  0.0  0.0  0.0  0.0  0.0  0.0  0.0  0.0  0.0  0.0  0.0  0.0  0.0  0.0  0.0  0.0  0.0  0.0  0.0  0.0  0.0  0.0  0.0  0.0  0.0  0.0  0.0  0.0  0.0  0.0  0.0  0.0  0.0  0.0  0.0  0.0  0.0  0.0  0.0  0.0  0.0  0.0  0.0  0.0  0.0
 69 |  0.0  0.0  0.0  0.0  0.0  0.0  0.0  0.0  0.0  0.0  0.0  0.0  0.0  0.0  0.0  0.0  0.0  0.0  0.0  0.0  0.0  0.0  0.0  0.0  0.0  0.0  0.0  0.0  0.0  0.0  0.0  0.0  0.0  0.0  0.0  0.0  0.0  0.0  0.0  0.0  0.0  0.0  0.0  0.0  0.0  0.0  0.0  0.0  0.0  0.0  0.0  0.0  0.0  0.0  0.0  0.0  0.0  0.0  0.0  0.0  0.0  0.0  0.0  0.0  0.0  0.0  0.0  0.0  0.0  0.0  0.0  0.0  0.0  0.0  0.0  0.0  0.0  0.0  0.0  0.0  0.0  0.0  0.0  0.0  0.0  0.0  0.0  0.0  0.0  0.0
 67 |  0.0  0.0  0.0  0.0  0.0  0.0  0.0  0.0  0.0  0.0  0.0  0.0  0.0  0.0  0.0  0.0  0.0  0.0  0.0  0.0  0.0  0.0  0.0  0.0  0.0  0.0  0.0  0.0  0.0  0.0  0.0  0.0  0.0  0.0  0.0  0.0  0.0  0.0  0.0  0.0  0.0  0.0  0.0  0.0  0.0  0.0  0.0  0.0  0.0  0.0  0.0  0.0  0.0  0.0  0.0  0.0  0.0  0.0  0.0  0.0  0.0  0.0  0.0  0.0  0.0  0.0  0.0  0.0  0.0  0.0  0.0  0.0  0.0  0.0  0.0  0.0  0.0  0.0  0.0  0.0  0.0  0.0  0.0  0.0  0.0  0.0  0.0  0.0  0.0  0.0
 65 |  0.0  0.0  0.0  0.0  0.0  0.0  0.0  0.0  0.0  0.0  0.1  0.2  0.2  0.3  0.3  0.3  0.3  0.2  0.2  0.1  0.0  0.0  0.0  0.0  0.0  0.0  0.0  0.0  0.0  0.0  0.0  0.0  0.0  0.0  0.0  0.0  0.0  0.0  0.0  0.0  0.0  0.0  0.0  0.0  0.0  0.0  0.0  0.0  0.0  0.0  0.0  0.0  0.0  0.0  0.0  0.0  0.0  0.0  0.0  0.0  0.0  0.0  0.0  0.0  0.0  0.0  0.0  0.0  0.0  0.0  0.0  0.0  0.0  0.0  0.0  0.0  0.0  0.0  0.0  0.0  0.0  0.0  0.0  0.0  0.0  0.0  0.0  0.0  0.0  0.0
 63 |  0.0  0.0  0.0  0.0  0.0  0.0  0.0  0.1  0.3  0.3  0.4  0.5  0.5  0.5  0.5  0.5  0.5  0.5  0.4  0.4  0.3  0.2  0.0  0.0  0.0  0.0  0.0  0.0  0.0  0.0  0.0  0.0  0.0  0.0  0.0  0.0  0.0  0.0  0.0  0.0  0.0  0.0  0.0  0.0  0.0  0.0  0.0  0.0  0.0  0.0  0.0  0.0  0.0  0.0  0.0  0.0  0.0  0.0  0.0  0.0  0.0  0.0  0.0  0.0  0.0  0.0  0.0  0.0  0.0  0.0  0.0  0.0  0.0  0.0  0.0  0.0  0.0  0.0  0.0  0.0  0.0  0.0  0.0  0.0  0.0  0.0  0.0  0.0  0.0  0.0
 61 |  0.0  0.0  0.0  0.0  0.0  0.1  0.3  0.4  0.5  0.6  0.6  0.7  0.7  0.7  0.7  0.7  0.7  0.7  0.6  0.6  0.5  0.4  0.3  0.2  0.0  0.0  0.0  0.0  0.0  0.0  0.0  0.0  0.0  0.0  0.0  0.0  0.0  0.0  0.0  0.0  0.0  0.0  0.0  0.0  0.0  0.0  0.0  0.0  0.0  0.0  0.0  0.0  0.0  0.0  0.0  0.0  0.0  0.0  0.0  0.0  0.0  0.0  0.0  0.0  0.0  0.0  0.0  0.0  0.0  0.0  0.0  0.0  0.0  0.0  0.0  0.0  0.0  0.0  0.0  0.0  0.0  0.0  0.0  0.0  0.0  0.0  0.0  0.0  0.0  0.0
 59 |  0.0  0.0  0.0  0.0  0.2  0.4  0.5  0.6  0.7  0.8  0.8  0.9  0.9  0.9  0.9  0.9  0.9  0.9  0.8  0.8  0.7  0.6  0.5  0.4  0.3  0.0  0.0  0.0  0.0  0.0  0.0  0.0  0.0  0.0  0.0  0.0  0.0  0.0  0.0  0.0  0.0  0.0  0.0  0.0  0.0  0.0  0.0  0.0  0.0  0.0  0.0  0.0  0.0  0.0  0.0  0.0  0.0  0.0  0.0  0.0  0.0  0.0  0.0  0.0  0.0  0.0  0.0  0.0  0.0  0.0  0.0  0.0  0.0  0.0  0.0  0.0  0.0  0.0  0.0  0.0  0.0  0.0  0.0  0.0  0.0  0.0  0.0  0.0  0.0  0.0
 57 |  0.0  0.0  0.0  0.2  0.4  0.6  0.7  0.8  0.9  0.9  1.0  1.0  1.1  1.1  1.1  1.1  1.1  1.0  1.0  0.9  0.9  0.8  0.7  0.6  0.5  0.3  0.1  0.0  0.0  0.0  0.0  0.0  0.0  0.0  0.0  0.0  0.0  0.0  0.0  0.0  0.0  0.0  0.0  0.0  0.0  0.0  0.0  0.0  0.0  0.0  0.0  0.0  0.0  0.0  0.0  0.0  0.0  0.0  0.0  0.0  0.0  0.0  0.0  0.0  0.0  0.0  0.0  0.0  0.0  0.0  0.0  0.0  0.0  0.0  0.0  0.0  0.0  0.0  0.0  0.0  0.0  0.0  0.0  0.0  0.0  0.0  0.0  0.0  0.0  0.0
 55 |  0.0  0.0  0.2  0.4  0.6  0.7  0.9  0.9  1.0  1.1  1.2  1.2  1.2  1.2  1.3  1.3  1.2  1.2  1.2  1.1  1.0  1.0  0.9  0.8  0.6  0.5  0.3  0.0  0.0  0.0  0.0  0.0  0.0  0.0  0.0  0.0  0.0  0.0  0.0  0.0  0.0  0.0  0.0  0.0  0.0  0.0  0.0  0.0  0.0  0.0  0.0  0.0  0.0  0.0  0.0  0.0  0.0  0.0  0.0  0.0  0.0  0.0  0.0  0.0  0.0  0.0  0.0  0.0  0.0  0.0  0.0  0.0  0.0  0.0  0.0  0.0  0.0  0.0  0.0  0.0  0.0  0.0  0.0  0.0  0.0  0.0  0.0  0.0  0.0  0.0
 53 |  0.0  0.2  0.4  0.6  0.8  0.9  1.0  1.1  1.2  1.3  1.3  1.4  1.4  1.4  1.4  1.4  1.4  1.4  1.3  1.3  1.2  1.1  1.0  0.9  0.8  0.7  0.5  0.3  0.0  0.0  0.0  0.0  0.0  0.0  0.0  0.0  0.0  0.0  0.0  0.0  0.0  0.0  0.0  0.0  0.0  0.0  0.0  0.0  0.0  0.0  0.0  0.0  0.0  0.0  0.0  0.0  0.0  0.0  0.0  0.0  0.0  0.0  0.0  0.0  0.0  0.0  0.0  0.0  0.0  0.0  0.0  0.0  0.0  0.0  0.0  0.0  0.0  0.0  0.0  0.0  0.0  0.0  0.0  0.0  0.0  0.0  0.0  0.0  0.0  0.0
 51 |  0.1  0.4  0.6  0.8  0.9  1.0  1.2  1.2  1.3  1.4  1.5  1.5  1.5  1.6  1.6  1.6  1.5  1.5  1.5  1.4  1.4  1.3  1.2  1.1  0.9  0.8  0.6  0.4  0.2  0.0  0.0  0.0  0.0  0.0  0.0  0.0  0.0  0.0  0.0  0.0  0.0  0.0  0.0  0.0  0.0  0.0  0.0  0.0  0.0  0.0  0.0  0.0  0.0  0.0  0.0  0.0  0.0  0.0  0.0  0.0  0.0  0.0  0.0  0.0  0.0  0.0  0.0  0.0  0.0  0.0  0.0  0.0  0.0  0.0  0.0  0.0  0.0  0.0  0.0  0.0  0.0  0.0  0.0  0.0  0.0  0.0  0.0  0.0  0.0  0.0
 49 |  0.3  0.6  0.7  0.9  1.0  1.2  1.3  1.4  1.5  1.5  1.6  1.6  1.7  1.7  1.7  1.7  1.7  1.7  1.6  1.6  1.5  1.4  1.3  1.2  1.1  0.9  0.8  0.6  0.4  0.1  0.0  0.0  0.0  0.0  0.0  0.0  0.0  0.0  0.0  0.0  0.0  0.0  0.0  0.0  0.0  0.0  0.0  0.0  0.0  0.0  0.0  0.0  0.0  0.0  0.0  0.0  0.0  0.0  0.0  0.0  0.0  0.0  0.0  0.0  0.0  0.0  0.0  0.0  0.0  0.0  0.0  0.0  0.0  0.0  0.0  0.0  0.0  0.0  0.0  0.0  0.0  0.0  0.0  0.0  0.0  0.0  0.0  0.0  0.0  0.0
 47 |  0.5  0.7  0.9  1.0  1.2  1.3  1.4  1.5  1.6  1.7  1.7  1.8  1.8  1.8  1.9  1.9  1.8  1.8  1.8  1.7  1.6  1.5  1.5  1.3  1.2  1.1  0.9  0.7  0.5  0.3  0.0  0.0  0.0  0.0  0.0  0.0  0.0  0.0  0.0  0.0  0.0  0.0  0.0  0.0  0.0  0.0  0.0  0.0  0.0  0.0  0.0  0.0  0.0  0.0  0.0  0.0  0.0  0.0  0.0  0.0  0.0  0.0  0.0  0.0  0.0  0.0  0.0  0.0  0.0  0.0  0.0  0.0  0.0  0.0  0.0  0.0  0.0  0.0  0.0  0.0  0.0  0.0  0.0  0.0  0.0  0.0  0.0  0.0  0.0  0.2
 45 |  0.6  0.8  1.0  1.2  1.3  1.4  1.6  1.7  1.7  1.8  1.9  1.9  2.0  2.0  2.0  2.0  2.0  1.9  1.9  1.8  1.8  1.7  1.6  1.5  1.4  1.2  1.0  0.9  0.7  0.4  0.1  0.0  0.0  0.0  0.0  0.0  0.0  0.0  0.0  0.0  0.0  0.0  0.0  0.0  0.0  0.0  0.0  0.0  0.0  0.0  0.0  0.0  0.0  0.0  0.0  0.0  0.0  0.0  0.0  0.0  0.0  0.0  0.0  0.0  0.0  0.0  0.0  0.0  0.0  0.0  0.0  0.0  0.0  0.0  0.0  0.0  0.0  0.0  0.0  0.0  0.0  0.0  0.0  0.0  0.0  0.0  0.0  0.0  0.0  0.4
 43 |  0.7  0.9  1.1  1.3  1.4  1.6  1.7  1.8  1.9  1.9  2.0  2.1  2.1  2.1  2.1  2.1  2.1  2.1  2.0  2.0  1.9  1.8  1.7  1.6  1.5  1.3  1.2  1.0  0.8  0.6  0.3  0.0  0.0  0.0  0.0  0.0  0.0  0.0  0.0  0.0  0.0  0.0  0.0  0.0  0.0  0.0  0.0  0.0  0.0  0.0  0.0  0.0  0.0  0.0  0.0  0.0  0.0  0.0  0.0  0.0  0.0  0.0  0.0  0.0  0.0  0.0  0.0  0.0  0.0  0.0  0.0  0.0  0.0  0.0  0.0  0.0  0.0  0.0  0.0  0.0  0.0  0.0  0.0  0.0  0.0  0.0  0.0  0.0  0.2  0.5
 41 |  0.9  1.1  1.2  1.4  1.6  1.7  1.8  1.9  2.0  2.1  2.1  2.2  2.2  2.3  2.3  2.3  2.2  2.2  2.1  2.1  2.0  1.9  1.8  1.7  1.6  1.4  1.3  1.1  0.9  0.7  0.4  0.1  0.0  0.0  0.0  0.0  0.0  0.0  0.0  0.0  0.0  0.0  0.0  0.0  0.0  0.0  0.0  0.0  0.0  0.0  0.0  0.0  0.0  0.0  0.0  0.0  0.0  0.0  0.0  0.0  0.0  0.0  0.0  0.0  0.0  0.0  0.0  0.0  0.0  0.0  0.0  0.0  0.0  0.0  0.0  0.0  0.0  0.0  0.0  0.0  0.0  0.0  0.0  0.0  0.0  0.0  0.0  0.0  0.4  0.6
 39 |  1.0  1.2  1.4  1.5  1.7  1.8  1.9  2.0  2.1  2.2  2.3  2.3  2.3  2.3  2.4  2.3  2.3  2.3  2.3  2.2  2.1  2.1  1.9  1.8  1.7  1.6  1.4  1.2  1.0  0.8  0.6  0.2  0.0  0.0  0.0  0.0  0.0  0.0  0.0  0.0  0.0  0.0  0.0  0.0  0.0  0.0  0.0  0.0  0.0  0.0  0.0  0.0  0.0  0.0  0.0  0.0  0.0  0.0  0.0  0.0  0.0  0.0  0.0  0.0  0.0  0.0  0.0  0.0  0.0  0.0  0.0  0.0  0.0  0.0  0.0  0.0  0.0  0.0  0.0  0.0  0.0  0.0  0.0  0.0  0.0  0.0  0.0  0.1  0.5  0.8
 37 |  1.1  1.3  1.5  1.6  1.8  1.9  2.0  2.1  2.3  2.3  2.4  2.4  2.4  2.4  2.4  2.4  2.4  2.4  2.4  2.3  2.3  2.2  2.1  1.9  1.8  1.7  1.5  1.3  1.2  0.9  0.7  0.4  0.0  0.0  0.0  0.0  0.0  0.0  0.0  0.0  0.0  0.0  0.0  0.0  0.0  0.0  0.0  0.0  0.0  0.0  0.0  0.0  0.0  0.0  0.0  0.0  0.0  0.0  0.0  0.0  0.0  0.0  0.0  0.0  0.0  0.0  0.0  0.0  0.0  0.0  0.0  0.0  0.0  0.0  0.0  0.0  0.0  0.0  0.0  0.0  0.0  0.0  0.0  0.0  0.0  0.0  0.0  0.3  0.6  0.9
 35 |  1.2  1.4  1.6  1.7  1.9  2.0  2.1  2.3  2.3  2.4  2.4  2.6  2.6  2.6  2.6  2.6  2.6  2.6  2.4  2.4  2.3  2.3  2.2  2.1  1.9  1.8  1.6  1.4  1.2  1.0  0.8  0.5  0.1  0.0  0.0  0.0  0.0  0.0  0.0  0.0  0.0  0.0  0.0  0.0  0.0  0.0  0.0  0.0  0.0  0.0  0.0  0.0  0.0  0.0  0.0  0.0  0.0  0.0  0.0  0.0  0.0  0.0  0.0  0.0  0.0  0.0  0.0  0.0  0.0  0.0  0.0  0.0  0.0  0.0  0.0  0.0  0.0  0.0  0.0  0.0  0.0  0.0  0.0  0.0  0.0  0.0  0.0  0.4  0.7  1.0
 33 |  1.3  1.5  1.7  1.8  2.0  2.1  2.3  2.3  2.4  2.6  2.6  2.7  2.7  2.7  2.7  2.7  2.7  2.7  2.6  2.6  2.4  2.4  2.3  2.2  2.0  1.9  1.7  1.5  1.4  1.1  0.9  0.6  0.3  0.0  0.0  0.0  0.0  0.0  0.0  0.0  0.0  0.0  0.0  0.0  0.0  0.0  0.0  0.0  0.0  0.0  0.0  0.0  0.0  0.0  0.0  0.0  0.0  0.0  0.0  0.0  0.0  0.0  0.0  0.0  0.0  0.0  0.0  0.0  0.0  0.0  0.0  0.0  0.0  0.0  0.0  0.0  0.0  0.0  0.0  0.0  0.0  0.0  0.0  0.0  0.0  0.0  0.2  0.6  0.8  1.1
 31 |  1.4  1.6  1.8  1.9  2.1  2.3  2.3  2.4  2.6  2.6  2.7  2.7  2.8  2.8  2.8  2.8  2.8  2.7  2.7  2.7  2.6  2.4  2.4  2.3  2.1  2.0  1.8  1.6  1.4  1.2  1.0  0.7  0.4  0.0  0.0  0.0  0.0  0.0  0.0  0.0  0.0  0.0  0.0  0.0  0.0  0.0  0.0  0.0  0.0  0.0  0.0  0.0  0.0  0.0  0.0  0.0  0.0  0.0  0.0  0.0  0.0  0.0  0.0  0.0  0.0  0.0  0.0  0.0  0.0  0.0  0.0  0.0  0.0  0.0  0.0  0.0  0.0  0.0  0.0  0.0  0.0  0.0  0.0  0.0  0.0  0.0  0.3  0.7  0.9  1.2
 29 |  1.5  1.7  1.9  2.0  2.2  2.3  2.4  2.6  2.7  2.7  2.8  2.8  2.8  2.9  2.9  2.9  2.8  2.8  2.8  2.7  2.7  2.6  2.4  2.3  2.2  2.1  1.9  1.7  1.5  1.3  1.1  0.8  0.5  0.1  0.0  0.0  0.0  0.0  0.0  0.0  0.0  0.0  0.0  0.0  0.0  0.0  0.0  0.0  0.0  0.0  0.0  0.0  0.0  0.0  0.0  0.0  0.0  0.0  0.0  0.0  0.0  0.0  0.0  0.0  0.0  0.0  0.0  0.0  0.0  0.0  0.0  0.0  0.0  0.0  0.0  0.0  0.0  0.0  0.0  0.0  0.0  0.0  0.0  0.0  0.0  0.0  0.4  0.8  1.0  1.3
 27 |  1.6  1.8  2.0  2.1  2.3  2.4  2.6  2.7  2.7  2.8  2.9  2.9  2.9  2.9  2.9  2.9  2.9  2.9  2.9  2.8  2.8  2.7  2.6  2.4  2.3  2.2  2.0  1.8  1.6  1.4  1.2  0.9  0.6  0.3  0.0  0.0  0.0  0.0  0.0  0.0  0.0  0.0  0.0  0.0  0.0  0.0  0.0  0.0  0.0  0.0  0.0  0.0  0.0  0.0  0.0  0.0  0.0  0.0  0.0  0.0  0.0  0.0  0.0  0.0  0.0  0.0  0.0  0.0  0.0  0.0  0.0  0.0  0.0  0.0  0.0  0.0  0.0  0.0  0.0  0.0  0.0  0.0  0.0  0.0  0.0  0.1  0.6  0.9  1.1  1.4
 25 |  1.7  1.9  2.1  2.2  2.4  2.6  2.6  2.7  2.8  2.9  2.9  3.1  3.1  3.1  3.1  3.1  3.1  3.1  2.9  2.9  2.8  2.8  2.7  2.6  2.4  2.3  2.1  1.9  1.7  1.5  1.3  1.0  0.7  0.4  0.0  0.0  0.0  0.0  0.0  0.0  0.0  0.0  0.0  0.0  0.0  0.0  0.0  0.0  0.0  0.0  0.0  0.0  0.0  0.0  0.0  0.0  0.0  0.0  0.0  0.0  0.0  0.0  0.0  0.0  0.0  0.0  0.0  0.0  0.0  0.0  0.0  0.0  0.0  0.0  0.0  0.0  0.0  0.0  0.0  0.0  0.0  0.0  0.0  0.0  0.0  0.3  0.6  0.9  1.2  1.4
 23 |  1.8  1.9  2.1  2.3  2.4  2.6  2.7  2.8  2.9  2.9  3.1  3.1  3.2  3.2  3.2  3.2  3.2  3.2  3.1  3.1  2.9  2.8  2.7  2.6  2.4  2.3  2.2  2.0  1.8  1.6  1.4  1.1  0.8  0.5  0.0  0.0  0.0  0.0  0.0  0.0  0.0  0.0  0.0  0.0  0.0  0.0  0.0  0.0  0.0  0.0  0.0  0.0  0.0  0.0  0.0  0.0  0.0  0.0  0.0  0.0  0.0  0.0  0.0  0.0  0.0  0.0  0.0  0.0  0.0  0.0  0.0  0.0  0.0  0.0  0.0  0.0  0.0  0.0  0.0  0.0  0.0  0.0  0.0  0.0  0.0  0.4  0.7  1.0  1.3  1.5
 21 |  1.8  2.0  2.2  2.4  2.6  2.7  2.8  2.9  2.9  3.1  3.2  3.2  3.2  3.3  3.3  3.3  3.3  3.2  3.2  3.1  3.1  2.9  2.8  2.7  2.6  2.4  2.3  2.1  1.9  1.7  1.4  1.2  0.9  0.6  0.2  0.0  0.0  0.0  0.0  0.0  0.0  0.0  0.0  0.0  0.0  0.0  0.0  0.0  0.0  0.0  0.0  0.0  0.0  0.0  0.0  0.0  0.0  0.0  0.0  0.0  0.0  0.0  0.0  0.0  0.0  0.0  0.0  0.0  0.0  0.0  0.0  0.0  0.0  0.0  0.0  0.0  0.0  0.0  0.0  0.0  0.0  0.0  0.0  0.0  0.0  0.5  0.8  1.1  1.4  1.6
 19 |  1.9  2.1  2.3  2.4  2.6  2.7  2.8  2.9  3.1  3.2  3.2  3.3  3.3  3.3  3.3  3.3  3.3  3.3  3.3  3.2  3.1  3.1  2.9  2.8  2.7  2.6  2.3  2.2  2.0  1.8  1.5  1.3  1.0  0.7  0.3  0.0  0.0  0.0  0.0  0.0  0.0  0.0  0.0  0.0  0.0  0.0  0.0  0.0  0.0  0.0  0.0  0.0  0.0  0.0  0.0  0.0  0.0  0.0  0.0  0.0  0.0  0.0  0.0  0.0  0.0  0.0  0.0  0.0  0.0  0.0  0.0  0.0  0.0  0.0  0.0  0.0  0.0  0.0  0.0  0.0  0.0  0.0  0.0  0.0  0.2  0.6  0.9  1.2  1.5  1.7
 17 |  2.0  2.2  2.4  2.6  2.7  2.8  2.9  3.1  3.2  3.2  3.3  3.4  3.4  3.4  3.4  3.4  3.4  3.4  3.3  3.3  3.2  3.1  2.9  2.8  2.7  2.6  2.4  2.3  2.0  1.8  1.6  1.4  1.1  0.8  0.4  0.0  0.0  0.0  0.0  0.0  0.0  0.0  0.0  0.0  0.0  0.0  0.0  0.0  0.0  0.0  0.0  0.0  0.0  0.0  0.0  0.0  0.0  0.0  0.0  0.0  0.0  0.0  0.0  0.0  0.0  0.0  0.0  0.0  0.0  0.0  0.0  0.0  0.0  0.0  0.0  0.0  0.0  0.0  0.0  0.0  0.0  0.0  0.0  0.0  0.3  0.7  1.0  1.3  1.5  1.8
 15 |  2.1  2.3  2.4  2.6  2.8  2.9  3.1  3.2  3.2  3.3  3.4  3.4  3.5  3.5  3.5  3.5  3.5  3.4  3.4  3.3  3.3  3.2  3.1  2.9  2.8  2.7  2.4  2.3  2.1  1.9  1.7  1.4  1.2  0.9  0.5  0.0  0.0  0.0  0.0  0.0  0.0  0.0  0.0  0.0  0.0  0.0  0.0  0.0  0.0  0.0  0.0  0.0  0.0  0.0  0.0  0.0  0.0  0.0  0.0  0.0  0.0  0.0  0.0  0.0  0.0  0.0  0.0  0.0  0.0  0.0  0.0  0.0  0.0  0.0  0.0  0.0  0.0  0.0  0.0  0.0  0.0  0.0  0.0  0.0  0.4  0.8  1.1  1.4  1.6  1.9
 13 |  2.1  2.3  2.6  2.7  2.8  2.9  3.1  3.2  3.3  3.4  3.4  3.5  3.5  3.5  3.5  3.5  3.5  3.5  3.4  3.4  3.3  3.2  3.2  3.1  2.8  2.7  2.6  2.4  2.2  2.0  1.7  1.5  1.2  0.9  0.6  0.1  0.0  0.0  0.0  0.0  0.0  0.0  0.0  0.0  0.0  0.0  0.0  0.0  0.0  0.0  0.0  0.0  0.0  0.0  0.0  0.0  0.0  0.0  0.0  0.0  0.0  0.0  0.0  0.0  0.0  0.0  0.0  0.0  0.0  0.0  0.0  0.0  0.0  0.0  0.0  0.0  0.0  0.0  0.0  0.0  0.0  0.0  0.0  0.0  0.5  0.9  1.2  1.4  1.7  1.9
 11 |  2.2  2.4  2.6  2.7  2.9  3.1  3.2  3.3  3.4  3.4  3.5  3.5  3.6  3.6  3.6  3.6  3.6  3.6  3.5  3.5  3.4  3.3  3.2  3.1  2.9  2.8  2.6  2.4  2.3  2.1  1.8  1.6  1.3  1.0  0.7  0.3  0.0  0.0  0.0  0.0  0.0  0.0  0.0  0.0  0.0  0.0  0.0  0.0  0.0  0.0  0.0  0.0  0.0  0.0  0.0  0.0  0.0  0.0  0.0  0.0  0.0  0.0  0.0  0.0  0.0  0.0  0.0  0.0  0.0  0.0  0.0  0.0  0.0  0.0  0.0  0.0  0.0  0.0  0.0  0.0  0.0  0.0  0.0  0.1  0.6  0.9  1.2  1.5  1.8  2.0
  9 |  2.3  2.4  2.7  2.8  2.9  3.1  3.2  3.3  3.4  3.5  3.6  3.6  3.6  3.8  3.8  3.8  3.6  3.6  3.6  3.5  3.4  3.4  3.3  3.2  2.9  2.8  2.7  2.6  2.3  2.1  1.9  1.6  1.4  1.1  0.8  0.4  0.0  0.0  0.0  0.0  0.0  0.0  0.0  0.0  0.0  0.0  0.0  0.0  0.0  0.0  0.0  0.0  0.0  0.0  0.0  0.0  0.0  0.0  0.0  0.0  0.0  0.0  0.0  0.0  0.0  0.0  0.0  0.0  0.0  0.0  0.0  0.0  0.0  0.0  0.0  0.0  0.0  0.0  0.0  0.0  0.0  0.0  0.0  0.3  0.7  1.0  1.3  1.6  1.8  2.1
  7 |  2.3  2.6  2.7  2.8  3.1  3.2  3.3  3.4  3.5  3.5  3.6  3.8  3.8  3.8  3.8  3.8  3.8  3.8  3.6  3.6  3.5  3.4  3.3  3.2  3.1  2.9  2.7  2.6  2.4  2.2  1.9  1.7  1.4  1.2  0.9  0.5  0.0  0.0  0.0  0.0  0.0  0.0  0.0  0.0  0.0  0.0  0.0  0.0  0.0  0.0  0.0  0.0  0.0  0.0  0.0  0.0  0.0  0.0  0.0  0.0  0.0  0.0  0.0  0.0  0.0  0.0  0.0  0.0  0.0  0.0  0.0  0.0  0.0  0.0  0.0  0.0  0.0  0.0  0.0  0.0  0.0  0.0  0.0  0.4  0.8  1.1  1.4  1.6  1.9  2.1
  5 |  2.4  2.6  2.8  2.9  3.1  3.2  3.3  3.4  3.5  3.6  3.8  3.8  3.8  3.9  3.9  3.9  3.8  3.8  3.8  3.6  3.5  3.5  3.4  3.3  3.1  2.9  2.8  2.7  2.4  2.3  2.0  1.8  1.5  1.2  0.9  0.6  0.1  0.0  0.0  0.0  0.0  0.0  0.0  0.0  0.0  0.0  0.0  0.0  0.0  0.0  0.0  0.0  0.0  0.0  0.0  0.0  0.0  0.0  0.0  0.0  0.0  0.0  0.0  0.0  0.0  0.0  0.0  0.0  0.0  0.0  0.0  0.0  0.0  0.0  0.0  0.0  0.0  0.0  0.0  0.0  0.0  0.0  0.0  0.5  0.8  1.2  1.4  1.7  1.9  2.2
  3 |  2.4  2.7  2.8  2.9  3.2  3.3  3.4  3.5  3.6  3.6  3.8  3.9  3.9  3.9  3.9  3.9  3.9  3.9  3.8  3.8  3.6  3.5  3.4  3.3  3.2  3.1  2.8  2.7  2.6  2.3  2.1  1.8  1.6  1.3  1.0  0.7  0.2  0.0  0.0  0.0  0.0  0.0  0.0  0.0  0.0  0.0  0.0  0.0  0.0  0.0  0.0  0.0  0.0  0.0  0.0  0.0  0.0  0.0  0.0  0.0  0.0  0.0  0.0  0.0  0.0  0.0  0.0  0.0  0.0  0.0  0.0  0.0  0.0  0.0  0.0  0.0  0.0  0.0  0.0  0.0  0.0  0.0  0.1  0.6  0.9  1.2  1.5  1.8  2.0  2.3
  1 |  2.6  2.7  2.8  3.1  3.2  3.3  3.4  3.5  3.6  3.8  3.8  3.9  3.9  4.0  4.0  4.0  3.9  3.9  3.9  3.8  3.6  3.6  3.5  3.4  3.2  3.1  2.9  2.7  2.6  2.3  2.1  1.9  1.6  1.4  1.1  0.7  0.3  0.0  0.0  0.0  0.0  0.0  0.0  0.0  0.0  0.0  0.0  0.0  0.0  0.0  0.0  0.0  0.0  0.0  0.0  0.0  0.0  0.0  0.0  0.0  0.0  0.0  0.0  0.0  0.0  0.0  0.0  0.0  0.0  0.0  0.0  0.0  0.0  0.0  0.0  0.0  0.0  0.0  0.0  0.0  0.0  0.0  0.2  0.6  1.0  1.3  1.6  1.8  2.1  2.3
 -1 |  2.6  2.7  2.9  3.1  3.2  3.4  3.5  3.6  3.8  3.8  3.9  3.9  4.0  4.0  4.0  4.0  4.0  4.0  3.9  3.8  3.8  3.6  3.5  3.4  3.3  3.2  2.9  2.8  2.6  2.4  2.2  1.9  1.7  1.4  1.1  0.8  0.4  0.0  0.0  0.0  0.0  0.0  0.0  0.0  0.0  0.0  0.0  0.0  0.0  0.0  0.0  0.0  0.0  0.0  0.0  0.0  0.0  0.0  0.0  0.0  0.0  0.0  0.0  0.0  0.0  0.0  0.0  0.0  0.0  0.0  0.0  0.0  0.0  0.0  0.0  0.0  0.0  0.0  0.0  0.0  0.0  0.0  0.3  0.7  1.0  1.4  1.6  1.9  2.1  2.3
 -3 |  2.6  2.8  2.9  3.2  3.3  3.4  3.5  3.6  3.8  3.9  3.9  4.0  4.0  4.0  4.0  4.0  4.0  4.0  3.9  3.9  3.8  3.6  3.5  3.4  3.3  3.2  3.1  2.8  2.7  2.4  2.3  2.0  1.8  1.5  1.2  0.9  0.5  0.0  0.0  0.0  0.0  0.0  0.0  0.0  0.0  0.0  0.0  0.0  0.0  0.0  0.0  0.0  0.0  0.0  0.0  0.0  0.0  0.0  0.0  0.0  0.0  0.0  0.0  0.0  0.0  0.0  0.0  0.0  0.0  0.0  0.0  0.0  0.0  0.0  0.0  0.0  0.0  0.0  0.0  0.0  0.0  0.0  0.4  0.8  1.1  1.4  1.7  1.9  2.2  2.4
 -5 |  2.7  2.8  3.1  3.2  3.3  3.4  3.5  3.6  3.8  3.9  4.0  4.0  4.1  4.1  4.1  4.1  4.1  4.0  4.0  3.9  3.9  3.8  3.6  3.5  3.4  3.2  3.1  2.9  2.7  2.6  2.3  2.1  1.8  1.5  1.3  1.0  0.6  0.1  0.0  0.0  0.0  0.0  0.0  0.0  0.0  0.0  0.0  0.0  0.0  0.0  0.0  0.0  0.0  0.0  0.0  0.0  0.0  0.0  0.0  0.0  0.0  0.0  0.0  0.0  0.0  0.0  0.0  0.0  0.0  0.0  0.0  0.0  0.0  0.0  0.0  0.0  0.0  0.0  0.0  0.0  0.0  0.0  0.5  0.9  1.2  1.5  1.7  2.0  2.3  2.4
 -7 |  2.7  2.9  3.1  3.2  3.4  3.5  3.6  3.8  3.9  3.9  4.0  4.0  4.1  4.1  4.1  4.1  4.1  4.1  4.0  4.0  3.9  3.8  3.6  3.5  3.4  3.3  3.1  2.9  2.7  2.6  2.3  2.1  1.9  1.6  1.3  1.0  0.7  0.3  0.0  0.0  0.0  0.0  0.0  0.0  0.0  0.0  0.0  0.0  0.0  0.0  0.0  0.0  0.0  0.0  0.0  0.0  0.0  0.0  0.0  0.0  0.0  0.0  0.0  0.0  0.0  0.0  0.0  0.0  0.0  0.0  0.0  0.0  0.0  0.0  0.0  0.0  0.0  0.0  0.0  0.0  0.0  0.1  0.6  0.9  1.3  1.5  1.8  2.1  2.3  2.4
 -9 |  2.7  2.9  3.1  3.3  3.4  3.5  3.6  3.8  3.9  4.0  4.0  4.1  4.1  4.1  4.1  4.1  4.1  4.1  4.0  4.0  3.9  3.8  3.6  3.5  3.4  3.3  3.2  2.9  2.8  2.6  2.4  2.2  1.9  1.7  1.4  1.1  0.8  0.4  0.0  0.0  0.0  0.0  0.0  0.0  0.0  0.0  0.0  0.0  0.0  0.0  0.0  0.0  0.0  0.0  0.0  0.0  0.0  0.0  0.0  0.0  0.0  0.0  0.0  0.0  0.0  0.0  0.0  0.0  0.0  0.0  0.0  0.0  0.0  0.0  0.0  0.0  0.0  0.0  0.0  0.0  0.0  0.2  0.7  1.0  1.3  1.6  1.9  2.1  2.3  2.6
-11 |  2.8  2.9  3.2  3.3  3.4  3.5  3.6  3.8  3.9  4.0  4.1  4.1  4.1  4.2  4.2  4.2  4.1  4.1  4.1  4.0  3.9  3.9  3.8  3.6  3.4  3.3  3.2  2.9  2.8  2.6  2.4  2.2  2.0  1.7  1.4  1.2  0.8  0.5  0.0  0.0  0.0  0.0  0.0  0.0  0.0  0.0  0.0  0.0  0.0  0.0  0.0  0.0  0.0  0.0  0.0  0.0  0.0  0.0  0.0  0.0  0.0  0.0  0.0  0.0  0.0  0.0  0.0  0.0  0.0  0.0  0.0  0.0  0.0  0.0  0.0  0.0  0.0  0.0  0.0  0.0  0.0  0.4  0.7  1.1  1.4  1.6  1.9  2.1  2.4  2.6
-13 |  2.8  2.9  3.2  3.3  3.4  3.6  3.8  3.9  3.9  4.0  4.1  4.1  4.2  4.2  4.2  4.2  4.2  4.1  4.1  4.0  4.0  3.9  3.8  3.6  3.5  3.3  3.2  3.1  2.8  2.7  2.4  2.3  2.0  1.8  1.5  1.2  0.9  0.6  0.1  0.0  0.0  0.0  0.0  0.0  0.0  0.0  0.0  0.0  0.0  0.0  0.0  0.0  0.0  0.0  0.0  0.0  0.0  0.0  0.0  0.0  0.0  0.0  0.0  0.0  0.0  0.0  0.0  0.0  0.0  0.0  0.0  0.0  0.0  0.0  0.0  0.0  0.0  0.0  0.0  0.0  0.0  0.4  0.8  1.2  1.4  1.7  1.9  2.2  2.4  2.6
-15 |  2.8  3.1  3.2  3.3  3.5  3.6  3.8  3.9  4.0  4.0  4.1  4.1  4.2  4.2  4.2  4.2  4.2  4.2  4.1  4.1  4.0  3.9  3.8  3.6  3.5  3.4  3.2  3.1  2.9  2.7  2.6  2.3  2.1  1.8  1.5  1.3  1.0  0.6  0.2  0.0  0.0  0.0  0.0  0.0  0.0  0.0  0.0  0.0  0.0  0.0  0.0  0.0  0.0  0.0  0.0  0.0  0.0  0.0  0.0  0.0  0.0  0.0  0.0  0.0  0.0  0.0  0.0  0.0  0.0  0.0  0.0  0.0  0.0  0.0  0.0  0.0  0.0  0.0  0.0  0.0  0.0  0.6  0.9  1.2  1.5  1.7  2.0  2.3  2.4  2.7
-17 |  2.8  3.1  3.2  3.4  3.5  3.6  3.8  3.9  4.0  4.0  4.1  4.2  4.2  4.2  4.2  4.2  4.2  4.2  4.1  4.1  4.0  3.9  3.8  3.6  3.5  3.4  3.3  3.1  2.9  2.7  2.6  2.3  2.1  1.9  1.6  1.3  1.0  0.7  0.3  0.0  0.0  0.0  0.0  0.0  0.0  0.0  0.0  0.0  0.0  0.0  0.0  0.0  0.0  0.0  0.0  0.0  0.0  0.0  0.0  0.0  0.0  0.0  0.0  0.0  0.0  0.0  0.0  0.0  0.0  0.0  0.0  0.0  0.0  0.0  0.0  0.0  0.0  0.0  0.0  0.0  0.2  0.6  1.0  1.3  1.5  1.8  2.0  2.3  2.4  2.7
-19 |  2.9  3.1  3.2  3.4  3.5  3.6  3.8  3.9  4.0  4.1  4.1  4.2  4.2  4.2  4.2  4.2  4.2  4.2  4.1  4.1  4.0  3.9  3.8  3.6  3.5  3.4  3.3  3.1  2.9  2.8  2.6  2.3  2.1  1.9  1.6  1.4  1.1  0.8  0.4  0.0  0.0  0.0  0.0  0.0  0.0  0.0  0.0  0.0  0.0  0.0  0.0  0.0  0.0  0.0  0.0  0.0  0.0  0.0  0.0  0.0  0.0  0.0  0.0  0.0  0.0  0.0  0.0  0.0  0.0  0.0  0.0  0.0  0.0  0.0  0.0  0.0  0.0  0.0  0.0  0.0  0.3  0.7  1.0  1.3  1.6  1.8  2.1  2.3  2.6  2.7
-21 |  2.9  3.1  3.3  3.4  3.5  3.6  3.8  3.9  4.0  4.1  4.1  4.2  4.2  4.2  4.2  4.2  4.2  4.2  4.1  4.1  4.0  3.9  3.9  3.8  3.5  3.4  3.3  3.2  2.9  2.8  2.6  2.4  2.2  1.9  1.7  1.4  1.2  0.9  0.5  0.0  0.0  0.0  0.0  0.0  0.0  0.0  0.0  0.0  0.0  0.0  0.0  0.0  0.0  0.0  0.0  0.0  0.0  0.0  0.0  0.0  0.0  0.0  0.0  0.0  0.0  0.0  0.0  0.0  0.0  0.0  0.0  0.0  0.0  0.0  0.0  0.0  0.0  0.0  0.0  0.0  0.4  0.8  1.1  1.4  1.6  1.9  2.1  2.3  2.6  2.7
-23 |  2.9  3.1  3.3  3.4  3.5  3.6  3.8  3.9  4.0  4.1  4.1  4.2  4.2  4.2  4.2  4.2  4.2  4.2  4.1  4.1  4.0  3.9  3.9  3.8  3.6  3.4  3.3  3.2  2.9  2.8  2.6  2.4  2.2  2.0  1.7  1.5  1.2  0.9  0.6  0.2  0.0  0.0  0.0  0.0  0.0  0.0  0.0  0.0  0.0  0.0  0.0  0.0  0.0  0.0  0.0  0.0  0.0  0.0  0.0  0.0  0.0  0.0  0.0  0.0  0.0  0.0  0.0  0.0  0.0  0.0  0.0  0.0  0.0  0.0  0.0  0.0  0.0  0.0  0.0  0.0  0.5  0.9  1.2  1.4  1.7  1.9  2.2  2.4  2.6  2.8
-25 |  2.9  3.2  3.3  3.4  3.5  3.6  3.8  3.9  4.0  4.1  4.1  4.2  4.2  4.2  4.2  4.2  4.2  4.2  4.1  4.1  4.0  4.0  3.9  3.8  3.6  3.4  3.3  3.2  3.1  2.8  2.7  2.4  2.3  2.0  1.8  1.5  1.3  1.0  0.7  0.3  0.0  0.0  0.0  0.0  0.0  0.0  0.0  0.0  0.0  0.0  0.0  0.0  0.0  0.0  0.0  0.0  0.0  0.0  0.0  0.0  0.0  0.0  0.0  0.0  0.0  0.0  0.0  0.0  0.0  0.0  0.0  0.0  0.0  0.0  0.0  0.0  0.0  0.0  0.0  0.2  0.6  0.9  1.2  1.5  1.7  2.0  2.2  2.4  2.6  2.8
-27 |  2.9  3.2  3.3  3.4  3.5  3.6  3.8  3.9  4.0  4.1  4.1  4.2  4.2  4.2  4.2  4.2  4.2  4.2  4.1  4.1  4.0  4.0  3.9  3.8  3.6  3.5  3.3  3.2  3.1  2.8  2.7  2.4  2.3  2.1  1.8  1.6  1.3  1.1  0.8  0.4  0.0  0.0  0.0  0.0  0.0  0.0  0.0  0.0  0.0  0.0  0.0  0.0  0.0  0.0  0.0  0.0  0.0  0.0  0.0  0.0  0.0  0.0  0.0  0.0  0.0  0.0  0.0  0.0  0.0  0.0  0.0  0.0  0.0  0.0  0.0  0.0  0.0  0.0  0.0  0.3  0.7  1.0  1.3  1.5  1.8  2.0  2.3  2.4  2.6  2.8
-29 |  2.9  3.2  3.3  3.4  3.5  3.6  3.8  3.9  4.0  4.1  4.1  4.2  4.2  4.2  4.2  4.2  4.2  4.2  4.1  4.1  4.0  3.9  3.9  3.8  3.6  3.5  3.3  3.2  3.1  2.8  2.7  2.6  2.3  2.1  1.9  1.6  1.4  1.1  0.8  0.5  0.1  0.0  0.0  0.0  0.0  0.0  0.0  0.0  0.0  0.0  0.0  0.0  0.0  0.0  0.0  0.0  0.0  0.0  0.0  0.0  0.0  0.0  0.0  0.0  0.0  0.0  0.0  0.0  0.0  0.0  0.0  0.0  0.0  0.0  0.0  0.0  0.0  0.0  0.0  0.4  0.8  1.0  1.3  1.6  1.8  2.0  2.3  2.4  2.7  2.8
-31 |  3.1  3.2  3.3  3.4  3.5  3.6  3.8  3.9  4.0  4.1  4.1  4.2  4.2  4.2  4.2  4.2  4.2  4.2  4.1  4.1  4.0  3.9  3.9  3.8  3.6  3.5  3.3  3.2  3.1  2.9  2.7  2.6  2.3  2.1  1.9  1.7  1.4  1.2  0.9  0.6  0.2  0.0  0.0  0.0  0.0  0.0  0.0  0.0  0.0  0.0  0.0  0.0  0.0  0.0  0.0  0.0  0.0  0.0  0.0  0.0  0.0  0.0  0.0  0.0  0.0  0.0  0.0  0.0  0.0  0.0  0.0  0.0  0.0  0.0  0.0  0.0  0.0  0.0  0.1  0.5  0.8  1.1  1.4  1.6  1.9  2.1  2.3  2.4  2.7  2.8
-33 |  3.1  3.2  3.3  3.4  3.5  3.6  3.8  3.9  4.0  4.0  4.1  4.1  4.2  4.2  4.2  4.2  4.2  4.1  4.1  4.1  4.0  3.9  3.9  3.8  3.6  3.5  3.3  3.2  3.1  2.9  2.7  2.6  2.3  2.2  1.9  1.7  1.5  1.2  1.0  0.7  0.4  0.0  0.0  0.0  0.0  0.0  0.0  0.0  0.0  0.0  0.0  0.0  0.0  0.0  0.0  0.0  0.0  0.0  0.0  0.0  0.0  0.0  0.0  0.0  0.0  0.0  0.0  0.0  0.0  0.0  0.0  0.0  0.0  0.0  0.0  0.0  0.0  0.0  0.3  0.6  0.9  1.2  1.4  1.7  1.9  2.1  2.3  2.6  2.7  2.8
-35 |  3.1  3.2  3.3  3.4  3.5  3.6  3.8  3.9  4.0  4.0  4.1  4.1  4.2  4.2  4.2  4.2  4.2  4.1  4.1  4.0  4.0  3.9  3.8  3.8  3.6  3.5  3.3  3.2  3.1  2.9  2.7  2.6  2.4  2.2  2.0  1.8  1.5  1.3  1.0  0.8  0.5  0.0  0.0  0.0  0.0  0.0  0.0  0.0  0.0  0.0  0.0  0.0  0.0  0.0  0.0  0.0  0.0  0.0  0.0  0.0  0.0  0.0  0.0  0.0  0.0  0.0  0.0  0.0  0.0  0.0  0.0  0.0  0.0  0.0  0.0  0.0  0.0  0.0  0.4  0.7  1.0  1.2  1.5  1.7  1.9  2.1  2.3  2.6  2.7  2.8
-37 |  3.1  3.2  3.3  3.4  3.5  3.6  3.8  3.9  4.0  4.0  4.1  4.1  4.1  4.1  4.2  4.1  4.1  4.1  4.1  4.0  4.0  3.9  3.8  3.6  3.5  3.4  3.3  3.2  3.1  2.9  2.7  2.6  2.4  2.2  2.0  1.8  1.6  1.4  1.1  0.9  0.6  0.2  0.0  0.0  0.0  0.0  0.0  0.0  0.0  0.0  0.0  0.0  0.0  0.0  0.0  0.0  0.0  0.0  0.0  0.0  0.0  0.0  0.0  0.0  0.0  0.0  0.0  0.0  0.0  0.0  0.0  0.0  0.0  0.0  0.0  0.0  0.0  0.1  0.5  0.8  1.0  1.3  1.5  1.7  2.0  2.2  2.3  2.6  2.7  2.8
-39 |  3.1  3.2  3.3  3.4  3.5  3.6  3.8  3.9  3.9  4.0  4.0  4.1  4.1  4.1  4.1  4.1  4.1  4.1  4.0  4.0  3.9  3.9  3.8  3.6  3.5  3.4  3.3  3.2  3.1  2.9  2.8  2.6  2.4  2.3  2.0  1.8  1.6  1.4  1.2  0.9  0.7  0.3  0.0  0.0  0.0  0.0  0.0  0.0  0.0  0.0  0.0  0.0  0.0  0.0  0.0  0.0  0.0  0.0  0.0  0.0  0.0  0.0  0.0  0.0  0.0  0.0  0.0  0.0  0.0  0.0  0.0  0.0  0.0  0.0  0.0  0.0  0.0  0.3  0.6  0.9  1.1  1.4  1.6  1.8  2.0  2.2  2.4  2.6  2.7  2.8
-41 |  3.1  3.2  3.3  3.4  3.5  3.6  3.8  3.8  3.9  4.0  4.0  4.0  4.1  4.1  4.1  4.1  4.1  4.1  4.0  4.0  3.9  3.9  3.8  3.6  3.5  3.4  3.3  3.2  3.1  2.9  2.8  2.6  2.4  2.3  2.1  1.9  1.7  1.5  1.2  1.0  0.7  0.5  0.1  0.0  0.0  0.0  0.0  0.0  0.0  0.0  0.0  0.0  0.0  0.0  0.0  0.0  0.0  0.0  0.0  0.0  0.0  0.0  0.0  0.0  0.0  0.0  0.0  0.0  0.0  0.0  0.0  0.0  0.0  0.0  0.0  0.0  0.0  0.4  0.7  0.9  1.2  1.4  1.6  1.8  2.0  2.2  2.4  2.6  2.7  2.8
-43 |  3.1  3.2  3.3  3.4  3.5  3.6  3.6  3.8  3.9  3.9  4.0  4.0  4.0  4.1  4.1  4.1  4.0  4.0  4.0  3.9  3.9  3.8  3.8  3.6  3.5  3.4  3.3  3.2  3.1  2.9  2.8  2.6  2.4  2.3  2.1  1.9  1.7  1.5  1.3  1.1  0.8  0.6  0.3  0.0  0.0  0.0  0.0  0.0  0.0  0.0  0.0  0.0  0.0  0.0  0.0  0.0  0.0  0.0  0.0  0.0  0.0  0.0  0.0  0.0  0.0  0.0  0.0  0.0  0.0  0.0  0.0  0.0  0.0  0.0  0.0  0.0  0.2  0.5  0.8  1.0  1.2  1.5  1.7  1.9  2.1  2.3  2.4  2.6  2.7  2.8
-45 |  3.1  3.2  3.3  3.4  3.5  3.5  3.6  3.8  3.8  3.9  3.9  4.0  4.0  4.0  4.0  4.0  4.0  4.0  4.0  3.9  3.9  3.8  3.6  3.6  3.5  3.4  3.3  3.2  3.1  2.9  2.8  2.6  2.4  2.3  2.1  1.9  1.7  1.5  1.4  1.1  0.9  0.7  0.4  0.0  0.0  0.0  0.0  0.0  0.0  0.0  0.0  0.0  0.0  0.0  0.0  0.0  0.0  0.0  0.0  0.0  0.0  0.0  0.0  0.0  0.0  0.0  0.0  0.0  0.0  0.0  0.0  0.0  0.0  0.0  0.0  0.0  0.3  0.6  0.9  1.1  1.3  1.5  1.7  1.9  2.1  2.3  2.4  2.6  2.7  2.8
-47 |  2.9  3.2  3.3  3.3  3.4  3.5  3.6  3.8  3.8  3.9  3.9  3.9  4.0  4.0  4.0  4.0  4.0  3.9  3.9  3.9  3.8  3.8  3.6  3.5  3.5  3.4  3.3  3.2  3.1  2.9  2.8  2.6  2.4  2.3  2.1  2.0  1.8  1.6  1.4  1.2  1.0  0.8  0.5  0.2  0.0  0.0  0.0  0.0  0.0  0.0  0.0  0.0  0.0  0.0  0.0  0.0  0.0  0.0  0.0  0.0  0.0  0.0  0.0  0.0  0.0  0.0  0.0  0.0  0.0  0.0  0.0  0.0  0.0  0.0  0.0  0.2  0.5  0.7  0.9  1.2  1.4  1.5  1.7  1.9  2.1  2.3  2.4  2.6  2.7  2.8
-49 |  2.9  3.1  3.2  3.3  3.4  3.5  3.6  3.6  3.8  3.8  3.9  3.9  3.9  3.9  3.9  3.9  3.9  3.9  3.9  3.8  3.8  3.6  3.6  3.5  3.4  3.3  3.3  3.2  3.1  2.9  2.8  2.6  2.4  2.3  2.2  2.0  1.8  1.6  1.5  1.3  1.1  0.9  0.6  0.4  0.1  0.0  0.0  0.0  0.0  0.0  0.0  0.0  0.0  0.0  0.0  0.0  0.0  0.0  0.0  0.0  0.0  0.0  0.0  0.0  0.0  0.0  0.0  0.0  0.0  0.0  0.0  0.0  0.0  0.0  0.0  0.3  0.6  0.8  1.0  1.2  1.4  1.6  1.8  1.9  2.1  2.3  2.4  2.6  2.7  2.8
-51 |  2.9  3.1  3.2  3.3  3.4  3.5  3.5  3.6  3.6  3.8  3.8  3.9  3.9  3.9  3.9  3.9  3.9  3.9  3.8  3.8  3.6  3.6  3.5  3.5  3.4  3.3  3.2  3.1  2.9  2.8  2.7  2.6  2.4  2.3  2.2  2.0  1.9  1.7  1.5  1.3  1.1  0.9  0.7  0.5  0.3  0.0  0.0  0.0  0.0  0.0  0.0  0.0  0.0  0.0  0.0  0.0  0.0  0.0  0.0  0.0  0.0  0.0  0.0  0.0  0.0  0.0  0.0  0.0  0.0  0.0  0.0  0.0  0.0  0.0  0.2  0.5  0.7  0.9  1.1  1.3  1.5  1.6  1.8  2.0  2.1  2.3  2.4  2.6  2.7  2.8
-53 |  2.9  3.1  3.2  3.3  3.3  3.4  3.5  3.5  3.6  3.6  3.8  3.8  3.8  3.8  3.8  3.8  3.8  3.8  3.8  3.6  3.6  3.6  3.5  3.4  3.4  3.3  3.2  3.1  2.9  2.8  2.7  2.6  2.4  2.3  2.2  2.0  1.9  1.7  1.5  1.4  1.2  1.0  0.8  0.6  0.4  0.2  0.0  0.0  0.0  0.0  0.0  0.0  0.0  0.0  0.0  0.0  0.0  0.0  0.0  0.0  0.0  0.0  0.0  0.0  0.0  0.0  0.0  0.0  0.0  0.0  0.0  0.0  0.0  0.1  0.4  0.6  0.8  1.0  1.2  1.3  1.5  1.7  1.8  2.0  2.2  2.3  2.4  2.6  2.7  2.8
-55 |  2.9  3.1  3.2  3.2  3.3  3.4  3.4  3.5  3.5  3.6  3.6  3.8  3.8  3.8  3.8  3.8  3.8  3.8  3.6  3.6  3.6  3.5  3.5  3.4  3.3  3.3  3.2  3.1  2.9  2.8  2.7  2.6  2.4  2.3  2.2  2.1  1.9  1.8  1.6  1.4  1.3  1.1  0.9  0.7  0.6  0.3  0.1  0.0  0.0  0.0  0.0  0.0  0.0  0.0  0.0  0.0  0.0  0.0  0.0  0.0  0.0  0.0  0.0  0.0  0.0  0.0  0.0  0.0  0.0  0.0  0.0  0.0  0.0  0.3  0.5  0.7  0.9  1.1  1.2  1.4  1.6  1.7  1.9  2.0  2.2  2.3  2.4  2.6  2.7  2.8
-57 |  2.9  3.1  3.1  3.2  3.3  3.3  3.4  3.5  3.5  3.5  3.6  3.6  3.6  3.6  3.6  3.6  3.6  3.6  3.6  3.5  3.5  3.5  3.4  3.4  3.3  3.2  3.1  3.1  2.9  2.8  2.7  2.6  2.4  2.3  2.2  2.1  1.9  1.8  1.6  1.5  1.3  1.2  1.0  0.9  0.7  0.5  0.3  0.1  0.0  0.0  0.0  0.0  0.0  0.0  0.0  0.0  0.0  0.0  0.0  0.0  0.0  0.0  0.0  0.0  0.0  0.0  0.0  0.0  0.0  0.0  0.0  0.0  0.2  0.5  0.6  0.8  1.0  1.2  1.3  1.5  1.6  1.8  1.9  2.1  2.2  2.3  2.4  2.6  2.7  2.8
-59 |  2.8  2.9  3.1  3.2  3.2  3.3  3.4  3.4  3.4  3.5  3.5  3.5  3.6  3.6  3.6  3.6  3.6  3.5  3.5  3.5  3.5  3.4  3.4  3.3  3.3  3.2  3.1  2.9  2.9  2.8  2.7  2.6  2.4  2.3  2.3  2.1  2.0  1.8  1.7  1.5  1.4  1.3  1.1  0.9  0.8  0.6  0.5  0.3  0.1  0.0  0.0  0.0  0.0  0.0  0.0  0.0  0.0  0.0  0.0  0.0  0.0  0.0  0.0  0.0  0.0  0.0  0.0  0.0  0.0  0.0  0.0  0.2  0.4  0.6  0.8  0.9  1.1  1.2  1.4  1.5  1.6  1.8  1.9  2.1  2.2  2.3  2.4  2.6  2.7  2.8
-61 |  2.8  2.9  3.1  3.1  3.2  3.3  3.3  3.3  3.4  3.4  3.5  3.5  3.5  3.5  3.5  3.5  3.5  3.5  3.5  3.4  3.4  3.4  3.3  3.3  3.2  3.1  3.1  2.9  2.8  2.8  2.7  2.6  2.4  2.3  2.3  2.1  2.0  1.9  1.7  1.6  1.5  1.3  1.2  1.0  0.9  0.8  0.6  0.5  0.3  0.1  0.0  0.0  0.0  0.0  0.0  0.0  0.0  0.0  0.0  0.0  0.0  0.0  0.0  0.0  0.0  0.0  0.0  0.0  0.0  0.1  0.3  0.4  0.6  0.7  0.9  1.0  1.2  1.3  1.4  1.6  1.7  1.8  2.0  2.1  2.2  2.3  2.4  2.6  2.7  2.7
-63 |  2.8  2.9  2.9  3.1  3.1  3.2  3.3  3.3  3.3  3.4  3.4  3.4  3.4  3.4  3.4  3.4  3.4  3.4  3.4  3.4  3.3  3.3  3.3  3.2  3.2  3.1  2.9  2.9  2.8  2.7  2.7  2.6  2.4  2.3  2.3  2.1  2.0  1.9  1.8  1.6  1.5  1.4  1.3  1.2  1.0  0.9  0.8  0.6  0.5  0.4  0.2  0.1  0.0  0.0  0.0  0.0  0.0  0.0  0.0  0.0  0.0  0.0  0.0  0.0  0.0  0.0  0.0  0.0  0.2  0.3  0.5  0.6  0.7  0.9  1.0  1.1  1.2  1.4  1.5  1.6  1.7  1.9  2.0  2.1  2.2  2.3  2.4  2.6  2.7  2.7
-65 |  2.8  2.8  2.9  3.1  3.1  3.2  3.2  3.2  3.3  3.3  3.3  3.4  3.4  3.4  3.4  3.4  3.4  3.4  3.3  3.3  3.3  3.2  3.2  3.2  3.1  3.1  2.9  2.8  2.8  2.7  2.7  2.6  2.4  2.3  2.3  2.1  2.0  1.9  1.8  1.7  1.6  1.5  1.4  1.2  1.1  1.0  0.9  0.8  0.7  0.6  0.4  0.3  0.2  0.1  0.0  0.0  0.0  0.0  0.0  0.0  0.0  0.0  0.0  0.0  0.0  0.1  0.2  0.3  0.4  0.5  0.6  0.7  0.9  1.0  1.1  1.2  1.3  1.4  1.5  1.7  1.8  1.9  2.0  2.1  2.2  2.3  2.4  2.6  2.6  2.7
-67 |  2.7  2.8  2.9  2.9  3.1  3.1  3.1  3.2  3.2  3.2  3.3  3.3  3.3  3.3  3.3  3.3  3.3  3.3  3.3  3.2  3.2  3.2  3.2  3.1  3.1  2.9  2.9  2.8  2.8  2.7  2.6  2.6  2.4  2.3  2.3  2.2  2.1  1.9  1.8  1.7  1.6  1.5  1.4  1.3  1.2  1.1  1.0  0.9  0.8  0.7  0.6  0.5  0.5  0.4  0.3  0.2  0.2  0.2  0.1  0.1  0.1  0.1  0.2  0.2  0.3  0.4  0.4  0.5  0.6  0.7  0.8  0.9  1.0  1.1  1.2  1.3  1.4  1.5  1.6  1.7  1.8  1.9  2.0  2.1  2.2  2.3  2.4  2.4  2.6  2.7
-69 |  2.7  2.8  2.8  2.9  2.9  2.9  3.1  3.1  3.1  3.2  3.2  3.2  3.2  3.2  3.2  3.2  3.2  3.2  3.2  3.2  3.2  3.1  3.1  3.1  2.9  2.9  2.8  2.8  2.7  2.7  2.6  2.4  2.4  2.3  2.3  2.2  2.1  2.0  1.9  1.8  1.7  1.6  1.5  1.4  1.3  1.2  1.1  1.0  0.9  0.9  0.8  0.7  0.7  0.6  0.5  0.5  0.5  0.4  0.4  0.4  0.4  0.4  0.4  0.5  0.5  0.6  0.6  0.7  0.8  0.9  0.9  1.0  1.1  1.2  1.3  1.4  1.5  1.6  1.7  1.8  1.9  1.9  2.0  2.1  2.2  2.3  2.4  2.4  2.6  2.7
-71 |  2.7  2.7  2.8  2.8  2.9  2.9  2.9  3.1  3.1  3.1  3.1  3.1  3.2  3.2  3.2  3.2  3.2  3.1  3.1  3.1  3.1  3.1  2.9  2.9  2.9  2.8  2.8  2.7  2.7  2.6  2.6  2.4  2.4  2.3  2.3  2.2  2.1  2.0  1.9  1.8  1.7  1.6  1.6  1.5  1.4  1.3  1.2  1.2  1.1  1.0  0.9  0.9  0.8  0.8  0.7  0.7  0.7  0.6  0.6  0.6  0.6  0.6  0.7  0.7  0.7  0.8  0.8  0.9  0.9  1.0  1.1  1.1  1.2  1.3  1.4  1.5  1.5  1.6  1.7  1.8  1.9  2.0  2.1  2.1  2.2  2.3  2.4  2.4  2.6  2.6
-73 |  2.6  2.7  2.7  2.8  2.8  2.8  2.9  2.9  2.9  2.9  3.1  3.1  3.1  3.1  3.1  3.1  3.1  3.1  3.1  2.9  2.9  2.9  2.9  2.8  2.8  2.8  2.7  2.7  2.6  2.6  2.6  2.4  2.4  2.3  2.3  2.2  2.1  2.0  1.9  1.9  1.8  1.7  1.6  1.6  1.5  1.4  1.3  1.3  1.2  1.2  1.1  1.0  1.0  0.9  0.9  0.9  0.9  0.8  0.8  0.8  0.8  0.8  0.9  0.9  0.9  0.9  1.0  1.0  1.1  1.1  1.2  1.3  1.3  1.4  1.5  1.5  1.6  1.7  1.8  1.8  1.9  2.0  2.1  2.1  2.2  2.3  2.3  2.4  2.4  2.6
-75 |  2.6  2.6  2.7  2.7  2.7  2.8  2.8  2.8  2.8  2.9  2.9  2.9  2.9  2.9  2.9  2.9  2.9  2.9  2.9  2.9  2.8  2.8  2.8  2.8  2.7  2.7  2.7  2.6  2.6  2.6  2.4  2.4  2.3  2.3  2.3  2.2  2.1  2.0  2.0  1.9  1.8  1.8  1.7  1.6  1.6  1.5  1.4  1.4  1.3  1.3  1.2  1.2  1.2  1.1  1.1  1.0  1.0  1.0  1.0  1.0  1.0  1.0  1.0  1.0  1.1  1.1  1.1  1.2  1.2  1.3  1.3  1.4  1.4  1.5  1.5  1.6  1.7  1.7  1.8  1.9  1.9  2.0  2.1  2.2  2.2  2.3  2.3  2.4  2.4  2.6
-77 |  2.6  2.6  2.6  2.7  2.7  2.7  2.7  2.8  2.8  2.8  2.8  2.8  2.8  2.8  2.8  2.8  2.8  2.8  2.8  2.8  2.8  2.8  2.7  2.7  2.7  2.7  2.6  2.6  2.6  2.4  2.4  2.4  2.3  2.3  2.2  2.2  2.1  2.1  2.0  1.9  1.9  1.8  1.8  1.7  1.6  1.6  1.5  1.5  1.4  1.4  1.4  1.3  1.3  1.3  1.2  1.2  1.2  1.2  1.2  1.2  1.2  1.2  1.2  1.2  1.2  1.2  1.3  1.3  1.4  1.4  1.4  1.5  1.5  1.6  1.6  1.7  1.7  1.8  1.9  1.9  2.0  2.0  2.1  2.2  2.2  2.3  2.3  2.4  2.4  2.4
-79 |  2.4  2.4  2.6  2.6  2.6  2.6  2.7  2.7  2.7  2.7  2.7  2.7  2.7  2.7  2.7  2.7  2.7  2.7  2.7  2.7  2.7  2.7  2.7  2.7  2.6  2.6  2.6  2.6  2.4  2.4  2.4  2.3  2.3  2.3  2.2  2.2  2.1  2.1  2.0  2.0  1.9  1.9  1.8  1.8  1.7  1.7  1.6  1.6  1.6  1.5  1.5  1.5  1.4  1.4  1.4  1.4  1.4  1.3  1.3  1.3  1.3  1.3  1.4  1.4  1.4  1.4  1.4  1.4  1.5  1.5  1.5  1.6  1.6  1.7  1.7  1.8  1.8  1.9  1.9  1.9  2.0  2.1  2.1  2.2  2.2  2.3  2.3  2.3  2.4  2.4
-81 |  2.4  2.4  2.4  2.4  2.6  2.6  2.6  2.6  2.6  2.6  2.6  2.7  2.7  2.7  2.7  2.7  2.7  2.7  2.6  2.6  2.6  2.6  2.6  2.6  2.6  2.4  2.4  2.4  2.4  2.4  2.3  2.3  2.3  2.3  2.2  2.2  2.1  2.1  2.0  2.0  2.0  1.9  1.9  1.8  1.8  1.8  1.7  1.7  1.7  1.6  1.6  1.6  1.6  1.5  1.5  1.5  1.5  1.5  1.5  1.5  1.5  1.5  1.5  1.5  1.5  1.5  1.6  1.6  1.6  1.6  1.7  1.7  1.7  1.8  1.8  1.8  1.9  1.9  1.9  2.0  2.0  2.1  2.1  2.2  2.2  2.3  2.3  2.3  2.3  2.4
-83 |  2.3  2.4  2.4  2.4  2.4  2.4  2.4  2.4  2.4  2.6  2.6  2.6  2.6  2.6  2.6  2.6  2.6  2.6  2.6  2.6  2.4  2.4  2.4  2.4  2.4  2.4  2.4  2.4  2.3  2.3  2.3  2.3  2.3  2.2  2.2  2.2  2.1  2.1  2.1  2.0  2.0  2.0  1.9  1.9  1.9  1.9  1.8  1.8  1.8  1.7  1.7  1.7  1.7  1.7  1.7  1.6  1.6  1.6  1.6  1.6  1.6  1.6  1.6  1.6  1.7  1.7  1.7  1.7  1.7  1.7  1.8  1.8  1.8  1.8  1.9  1.9  1.9  2.0  2.0  2.0  2.1  2.1  2.1  2.1  2.2  2.2  2.3  2.3  2.3  2.3
-85 |  2.3  2.3  2.3  2.3  2.3  2.3  2.4  2.4  2.4  2.4  2.4  2.4  2.4  2.4  2.4  2.4  2.4  2.4  2.4  2.4  2.4  2.4  2.4  2.3  2.3  2.3  2.3  2.3  2.3  2.3  2.3  2.3  2.2  2.2  2.2  2.1  2.1  2.1  2.1  2.1  2.0  2.0  2.0  2.0  1.9  1.9  1.9  1.9  1.9  1.9  1.8  1.8  1.8  1.8  1.8  1.8  1.8  1.8  1.8  1.8  1.8  1.8  1.8  1.8  1.8  1.8  1.8  1.8  1.8  1.9  1.9  1.9  1.9  1.9  1.9  2.0  2.0  2.0  2.0  2.1  2.1  2.1  2.1  2.1  2.2  2.2  2.2  2.2  2.3  2.3
-87 |  2.2  2.3  2.3  2.3  2.3  2.3  2.3  2.3  2.3  2.3  2.3  2.3  2.3  2.3  2.3  2.3  2.3  2.3  2.3  2.3  2.3  2.3  2.3  2.3  2.3  2.3  2.3  2.3  2.2  2.2  2.2  2.2  2.2  2.2  2.1  2.1  2.1  2.1  2.1  2.1  2.1  2.1  2.0  2.0  2.0  2.0  2.0  2.0  2.0  2.0  2.0  1.9  1.9  1.9  1.9  1.9  1.9  1.9  1.9  1.9  1.9  1.9  1.9  1.9  1.9  1.9  1.9  1.9  1.9  2.0  2.0  2.0  2.0  2.0  2.0  2.0  2.0  2.1  2.1  2.1  2.1  2.1  2.1  2.1  2.1  2.2  2.2  2.2  2.2  2.2
-89 |  2.2  2.2  2.2  2.2  2.2  2.2  2.2  2.2  2.2  2.2  2.2  2.2  2.2  2.2  2.2  2.2  2.2  2.2  2.2  2.2  2.2  2.2  2.2  2.2  2.2  2.2  2.2  2.2  2.2  2.1  2.1  2.1  2.1  2.1  2.1  2.1  2.1  2.1  2.1  2.1  2.1  2.1  2.1  2.1  2.1  2.1  2.1  2.1  2.1  2.1  2.1  2.1  2.1  2.1  2.1  2.1  2.1  2.1  2.1  2.1  2.1  2.1  2.1  2.1  2.1  2.1  2.1  2.1  2.1  2.1  2.1  2.1  2.1  2.1  2.1  2.1  2.1  2.1  2.1  2.1  2.1  2.1  2.1  2.1  2.1  2.1  2.1  2.1  2.1  2.1
