# DRAP Tabular Values
# Product: D-Region Absorption         /images/drap2_tab.txt
# Product Valid At : 2025-12-25 00:35 UTC
#
# Prepared by the U.S. Dept. of Commerce, NOAA, Space Weather Prediction Center.
# Please send comments and suggestions to SWPC.Webmaster@noaa.gov
#
# Estimated Recovery Time : No Estimate
#
#  X-RAY Message : Normal X-ray Background
#
#  X-RAY Warning : NO NEW X-RAY FLUX FOR 2 MINUTES
#
#  Proton Message : Normal Proton Background
#
#  Proton Warning : 
#
# Frequency (MHz) as a function of Latitude and Longitude
#
      -178 -174 -170 -166 -162 -158 -154 -150 -146 -142 -138 -134 -130 -126 -122 -118 -114 -110 -106 -102  -98  -94  -90  -86  -82  -78  -74  -70  -66  -62  -58  -54  -50  -46  -42  -38  -34  -30  -26  -22  -18  -14  -10   -6   -2    2    6   10   14   18   22   26   30   34   38   42   46   50   54   58   62   66   70   74   78   82   86   90   94   98  102  106  110  114  118  122  126  130  134  138  142  146  150  154  158  162  166  170  174  178
------------------------------------------------------------------------------------------------------------------------------------------------------------------------------------------------------------------------------------------------------------------------------------------------------------------------------------------------------------------------------------------------------------------------------------------------------------------------
 89 |  0.0  0.0  0.0  0.0  0.0  0.0  0.0  0.0  0.0  0.0  0.0  0.0  0.0  0.0  0.0  0.0  0.0  0.0  0.0  0.0  0.0  0.0  0.0  0.0  0.0  0.0  0.0  0.0  0.0  0.0  0.0  0.0  0.0  0.0  0.0  0.0  0.0  0.0  0.0  0.0  0.0  0.0  0.0  0.0  0.0  0.0  0.0  0.0  0.0  0.0  0.0  0.0  0.0  0.0  0.0  0.0  0.0  0.0  0.0  0.0  0.0  0.0  0.0  0.0  0.0  0.0  0.0  0.0  0.0  0.0  0.0  0.0  0.0  0.0  0.0  0.0  0.0  0.0  0.0  0.0  0.0  0.0  0.0  0.0  0.0  0.0  0.0  0.0  0.0  0.0
 87 |  0.0  0.0  0.0  0.0  0.0  0.0  0.0  0.0  0.0  0.0  0.0  0.0  0.0  0.0  0.0  0.0  0.0  0.0  0.0  0.0  0.0  0.0  0.0  0.0  0.0  0.0  0.0  0.0  0.0  0.0  0.0  0.0  0.0  0.0  0.0  0.0  0.0  0.0  0.0  0.0  0.0  0.0  0.0  0.0  0.0  0.0  0.0  0.0  0.0  0.0  0.0  0.0  0.0  0.0  0.0  0.0  0.0  0.0  0.0  0.0  0.0  0.0  0.0  0.0  0.0  0.0  0.0  0.0  0.0  0.0  0.0  0.0  0.0  0.0  0.0  0.0  0.0  0.0  0.0  0.0  0.0  0.0  0.0  0.0  0.0  0.0  0.0  0.0  0.0  0.0
 85 |  0.0  0.0  0.0  0.0  0.0  0.0  0.0  0.0  0.0  0.0  0.0  0.0  0.0  0.0  0.0  0.0  0.0  0.0  0.0  0.0  0.0  0.0  0.0  0.0  0.0  0.0  0.0  0.0  0.0  0.0  0.0  0.0  0.0  0.0  0.0  0.0  0.0  0.0  0.0  0.0  0.0  0.0  0.0  0.0  0.0  0.0  0.0  0.0  0.0  0.0  0.0  0.0  0.0  0.0  0.0  0.0  0.0  0.0  0.0  0.0  0.0  0.0  0.0  0.0  0.0  0.0  0.0  0.0  0.0  0.0  0.0  0.0  0.0  0.0  0.0  0.0  0.0  0.0  0.0  0.0  0.0  0.0  0.0  0.0  0.0  0.0  0.0  0.0  0.0  0.0
 83 |  0.0  0.0  0.0  0.0  0.0  0.0  0.0  0.0  0.0  0.0  0.0  0.0  0.0  0.0  0.0  0.0  0.0  0.0  0.0  0.0  0.0  0.0  0.0  0.0  0.0  0.0  0.0  0.0  0.0  0.0  0.0  0.0  0.0  0.0  0.0  0.0  0.0  0.0  0.0  0.0  0.0  0.0  0.0  0.0  0.0  0.0  0.0  0.0  0.0  0.0  0.0  0.0  0.0  0.0  0.0  0.0  0.0  0.0  0.0  0.0  0.0  0.0  0.0  0.0  0.0  0.0  0.0  0.0  0.0  0.0  0.0  0.0  0.0  0.0  0.0  0.0  0.0  0.0  0.0  0.0  0.0  0.0  0.0  0.0  0.0  0.0  0.0  0.0  0.0  0.0
 81 |  0.0  0.0  0.0  0.0  0.0  0.0  0.0  0.0  0.0  0.0  0.0  0.0  0.0  0.0  0.0  0.0  0.0  0.0  0.0  0.0  0.0  0.0  0.0  0.0  0.0  0.0  0.0  0.0  0.0  0.0  0.0  0.0  0.0  0.0  0.0  0.0  0.0  0.0  0.0  0.0  0.0  0.0  0.0  0.0  0.0  0.0  0.0  0.0  0.0  0.0  0.0  0.0  0.0  0.0  0.0  0.0  0.0  0.0  0.0  0.0  0.0  0.0  0.0  0.0  0.0  0.0  0.0  0.0  0.0  0.0  0.0  0.0  0.0  0.0  0.0  0.0  0.0  0.0  0.0  0.0  0.0  0.0  0.0  0.0  0.0  0.0  0.0  0.0  0.0  0.0
 79 |  0.0  0.0  0.0  0.0  0.0  0.0  0.0  0.0  0.0  0.0  0.0  0.0  0.0  0.0  0.0  0.0  0.0  0.0  0.0  0.0  0.0  0.0  0.0  0.0  0.0  0.0  0.0  0.0  0.0  0.0  0.0  0.0  0.0  0.0  0.0  0.0  0.0  0.0  0.0  0.0  0.0  0.0  0.0  0.0  0.0  0.0  0.0  0.0  0.0  0.0  0.0  0.0  0.0  0.0  0.0  0.0  0.0  0.0  0.0  0.0  0.0  0.0  0.0  0.0  0.0  0.0  0.0  0.0  0.0  0.0  0.0  0.0  0.0  0.0  0.0  0.0  0.0  0.0  0.0  0.0  0.0  0.0  0.0  0.0  0.0  0.0  0.0  0.0  0.0  0.0
 77 |  0.0  0.0  0.0  0.0  0.0  0.0  0.0  0.0  0.0  0.0  0.0  0.0  0.0  0.0  0.0  0.0  0.0  0.0  0.0  0.0  0.0  0.0  0.0  0.0  0.0  0.0  0.0  0.0  0.0  0.0  0.0  0.0  0.0  0.0  0.0  0.0  0.0  0.0  0.0  0.0  0.0  0.0  0.0  0.0  0.0  0.0  0.0  0.0  0.0  0.0  0.0  0.0  0.0  0.0  0.0  0.0  0.0  0.0  0.0  0.0  0.0  0.0  0.0  0.0  0.0  0.0  0.0  0.0  0.0  0.0  0.0  0.0  0.0  0.0  0.0  0.0  0.0  0.0  0.0  0.0  0.0  0.0  0.0  0.0  0.0  0.0  0.0  0.0  0.0  0.0
 75 |  0.0  0.0  0.0  0.0  0.0  0.0  0.0  0.0  0.0  0.0  0.0  0.0  0.0  0.0  0.0  0.0  0.0  0.0  0.0  0.0  0.0  0.0  0.0  0.0  0.0  0.0  0.0  0.0  0.0  0.0  0.0  0.0  0.0  0.0  0.0  0.0  0.0  0.0  0.0  0.0  0.0  0.0  0.0  0.0  0.0  0.0  0.0  0.0  0.0  0.0  0.0  0.0  0.0  0.0  0.0  0.0  0.0  0.0  0.0  0.0  0.0  0.0  0.0  0.0  0.0  0.0  0.0  0.0  0.0  0.0  0.0  0.0  0.0  0.0  0.0  0.0  0.0  0.0  0.0  0.0  0.0  0.0  0.0  0.0  0.0  0.0  0.0  0.0  0.0  0.0
 73 |  0.0  0.0  0.0  0.0  0.0  0.0  0.0  0.0  0.0  0.0  0.0  0.0  0.0  0.0  0.0  0.0  0.0  0.0  0.0  0.0  0.0  0.0  0.0  0.0  0.0  0.0  0.0  0.0  0.0  0.0  0.0  0.0  0.0  0.0  0.0  0.0  0.0  0.0  0.0  0.0  0.0  0.0  0.0  0.0  0.0  0.0  0.0  0.0  0.0  0.0  0.0  0.0  0.0  0.0  0.0  0.0  0.0  0.0  0.0  0.0  0.0  0.0  0.0  0.0  0.0  0.0  0.0  0.0  0.0  0.0  0.0  0.0  0.0  0.0  0.0  0.0  0.0  0.0  0.0  0.0  0.0  0.0  0.0  0.0  0.0  0.0  0.0  0.0  0.0  0.0
 71 |  0.0  0.0  0.0  0.0  0.0  0.0  0.0  0.0  0.0  0.0  0.0  0.0  0.0  0.0  0.0  0.0  0.0  0.0  0.0  0.0  0.0  0.0  0.0  0.0  0.0  0.0  0.0  0.0  0.0  0.0  0.0  0.0  0.0  0.0  0.0  0.0  0.0  0.0  0.0  0.0  0.0  0.0  0.0  0.0  0.0  0.0  0.0  0.0  0.0  0.0  0.0  0.0  0.0  0.0  0.0  0.0  0.0  0.0  0.0  0.0  0.0  0.0  0.0  0.0  0.0  0.0  0.0  0.0  0.0  0.0  0.0  0.0  0.0  0.0  0.0  0.0  0.0  0.0  0.0  0.0  0.0  0.0  0.0  0.0  0.0  0.0  0.0  0.0  0.0  0.0
 69 |  0.0  0.0  0.0  0.0  0.0  0.0  0.0  0.0  0.0  0.0  0.0  0.0  0.0  0.0  0.0  0.0  0.0  0.0  0.0  0.0  0.0  0.0  0.0  0.0  0.0  0.0  0.0  0.0  0.0  0.0  0.0  0.0  0.0  0.0  0.0  0.0  0.0  0.0  0.0  0.0  0.0  0.0  0.0  0.0  0.0  0.0  0.0  0.0  0.0  0.0  0.0  0.0  0.0  0.0  0.0  0.0  0.0  0.0  0.0  0.0  0.0  0.0  0.0  0.0  0.0  0.0  0.0  0.0  0.0  0.0  0.0  0.0  0.0  0.0  0.0  0.0  0.0  0.0  0.0  0.0  0.0  0.0  0.0  0.0  0.0  0.0  0.0  0.0  0.0  0.0
 67 |  0.0  0.0  0.0  0.0  0.0  0.0  0.0  0.0  0.0  0.0  0.0  0.0  0.0  0.0  0.0  0.0  0.0  0.0  0.0  0.0  0.0  0.0  0.0  0.0  0.0  0.0  0.0  0.0  0.0  0.0  0.0  0.0  0.0  0.0  0.0  0.0  0.0  0.0  0.0  0.0  0.0  0.0  0.0  0.0  0.0  0.0  0.0  0.0  0.0  0.0  0.0  0.0  0.0  0.0  0.0  0.0  0.0  0.0  0.0  0.0  0.0  0.0  0.0  0.0  0.0  0.0  0.0  0.0  0.0  0.0  0.0  0.0  0.0  0.0  0.0  0.0  0.0  0.0  0.0  0.0  0.0  0.0  0.0  0.0  0.0  0.0  0.0  0.0  0.0  0.0
 65 |  0.4  0.3  0.2  0.0  0.0  0.0  0.0  0.0  0.0  0.0  0.0  0.0  0.0  0.0  0.0  0.0  0.0  0.0  0.0  0.0  0.0  0.0  0.0  0.0  0.0  0.0  0.0  0.0  0.0  0.0  0.0  0.0  0.0  0.0  0.0  0.0  0.0  0.0  0.0  0.0  0.0  0.0  0.0  0.0  0.0  0.0  0.0  0.0  0.0  0.0  0.0  0.0  0.0  0.0  0.0  0.0  0.0  0.0  0.0  0.0  0.0  0.0  0.0  0.0  0.0  0.0  0.0  0.0  0.0  0.0  0.0  0.0  0.0  0.0  0.0  0.0  0.0  0.0  0.0  0.0  0.0  0.0  0.0  0.2  0.3  0.4  0.4  0.4  0.4  0.4
 63 |  0.7  0.7  0.6  0.5  0.3  0.1  0.0  0.0  0.0  0.0  0.0  0.0  0.0  0.0  0.0  0.0  0.0  0.0  0.0  0.0  0.0  0.0  0.0  0.0  0.0  0.0  0.0  0.0  0.0  0.0  0.0  0.0  0.0  0.0  0.0  0.0  0.0  0.0  0.0  0.0  0.0  0.0  0.0  0.0  0.0  0.0  0.0  0.0  0.0  0.0  0.0  0.0  0.0  0.0  0.0  0.0  0.0  0.0  0.0  0.0  0.0  0.0  0.0  0.0  0.0  0.0  0.0  0.0  0.0  0.0  0.0  0.0  0.0  0.0  0.0  0.0  0.0  0.0  0.0  0.0  0.2  0.4  0.5  0.6  0.7  0.7  0.8  0.8  0.8  0.8
 61 |  1.0  1.0  0.9  0.8  0.7  0.5  0.3  0.0  0.0  0.0  0.0  0.0  0.0  0.0  0.0  0.0  0.0  0.0  0.0  0.0  0.0  0.0  0.0  0.0  0.0  0.0  0.0  0.0  0.0  0.0  0.0  0.0  0.0  0.0  0.0  0.0  0.0  0.0  0.0  0.0  0.0  0.0  0.0  0.0  0.0  0.0  0.0  0.0  0.0  0.0  0.0  0.0  0.0  0.0  0.0  0.0  0.0  0.0  0.0  0.0  0.0  0.0  0.0  0.0  0.0  0.0  0.0  0.0  0.0  0.0  0.0  0.0  0.0  0.0  0.0  0.0  0.0  0.0  0.1  0.4  0.6  0.7  0.8  0.9  1.0  1.1  1.1  1.1  1.1  1.1
 59 |  1.3  1.3  1.2  1.1  1.0  0.8  0.7  0.5  0.2  0.0  0.0  0.0  0.0  0.0  0.0  0.0  0.0  0.0  0.0  0.0  0.0  0.0  0.0  0.0  0.0  0.0  0.0  0.0  0.0  0.0  0.0  0.0  0.0  0.0  0.0  0.0  0.0  0.0  0.0  0.0  0.0  0.0  0.0  0.0  0.0  0.0  0.0  0.0  0.0  0.0  0.0  0.0  0.0  0.0  0.0  0.0  0.0  0.0  0.0  0.0  0.0  0.0  0.0  0.0  0.0  0.0  0.0  0.0  0.0  0.0  0.0  0.0  0.0  0.0  0.0  0.0  0.0  0.3  0.5  0.7  0.9  1.0  1.1  1.2  1.3  1.4  1.4  1.4  1.4  1.4
 57 |  1.6  1.5  1.5  1.4  1.3  1.1  0.9  0.8  0.5  0.2  0.0  0.0  0.0  0.0  0.0  0.0  0.0  0.0  0.0  0.0  0.0  0.0  0.0  0.0  0.0  0.0  0.0  0.0  0.0  0.0  0.0  0.0  0.0  0.0  0.0  0.0  0.0  0.0  0.0  0.0  0.0  0.0  0.0  0.0  0.0  0.0  0.0  0.0  0.0  0.0  0.0  0.0  0.0  0.0  0.0  0.0  0.0  0.0  0.0  0.0  0.0  0.0  0.0  0.0  0.0  0.0  0.0  0.0  0.0  0.0  0.0  0.0  0.0  0.0  0.0  0.0  0.3  0.6  0.8  1.0  1.2  1.3  1.4  1.5  1.6  1.6  1.6  1.7  1.7  1.6
 55 |  1.9  1.8  1.7  1.6  1.5  1.4  1.2  1.0  0.8  0.6  0.2  0.0  0.0  0.0  0.0  0.0  0.0  0.0  0.0  0.0  0.0  0.0  0.0  0.0  0.0  0.0  0.0  0.0  0.0  0.0  0.0  0.0  0.0  0.0  0.0  0.0  0.0  0.0  0.0  0.0  0.0  0.0  0.0  0.0  0.0  0.0  0.0  0.0  0.0  0.0  0.0  0.0  0.0  0.0  0.0  0.0  0.0  0.0  0.0  0.0  0.0  0.0  0.0  0.0  0.0  0.0  0.0  0.0  0.0  0.0  0.0  0.0  0.0  0.0  0.0  0.3  0.6  0.9  1.1  1.2  1.4  1.5  1.6  1.7  1.8  1.9  1.9  1.9  1.9  1.9
 53 |  2.1  2.0  2.0  1.9  1.7  1.6  1.4  1.3  1.0  0.8  0.5  0.1  0.0  0.0  0.0  0.0  0.0  0.0  0.0  0.0  0.0  0.0  0.0  0.0  0.0  0.0  0.0  0.0  0.0  0.0  0.0  0.0  0.0  0.0  0.0  0.0  0.0  0.0  0.0  0.0  0.0  0.0  0.0  0.0  0.0  0.0  0.0  0.0  0.0  0.0  0.0  0.0  0.0  0.0  0.0  0.0  0.0  0.0  0.0  0.0  0.0  0.0  0.0  0.0  0.0  0.0  0.0  0.0  0.0  0.0  0.0  0.0  0.0  0.0  0.2  0.6  0.9  1.1  1.3  1.5  1.6  1.8  1.9  2.0  2.1  2.1  2.1  2.2  2.2  2.1
 51 |  2.3  2.3  2.2  2.1  2.0  1.8  1.7  1.5  1.3  1.0  0.8  0.4  0.0  0.0  0.0  0.0  0.0  0.0  0.0  0.0  0.0  0.0  0.0  0.0  0.0  0.0  0.0  0.0  0.0  0.0  0.0  0.0  0.0  0.0  0.0  0.0  0.0  0.0  0.0  0.0  0.0  0.0  0.0  0.0  0.0  0.0  0.0  0.0  0.0  0.0  0.0  0.0  0.0  0.0  0.0  0.0  0.0  0.0  0.0  0.0  0.0  0.0  0.0  0.0  0.0  0.0  0.0  0.0  0.0  0.0  0.0  0.0  0.0  0.1  0.5  0.8  1.1  1.3  1.5  1.7  1.9  2.0  2.1  2.2  2.3  2.3  2.4  2.4  2.4  2.4
 49 |  2.6  2.4  2.4  2.3  2.2  2.1  1.9  1.7  1.5  1.3  1.0  0.7  0.3  0.0  0.0  0.0  0.0  0.0  0.0  0.0  0.0  0.0  0.0  0.0  0.0  0.0  0.0  0.0  0.0  0.0  0.0  0.0  0.0  0.0  0.0  0.0  0.0  0.0  0.0  0.0  0.0  0.0  0.0  0.0  0.0  0.0  0.0  0.0  0.0  0.0  0.0  0.0  0.0  0.0  0.0  0.0  0.0  0.0  0.0  0.0  0.0  0.0  0.0  0.0  0.0  0.0  0.0  0.0  0.0  0.0  0.0  0.0  0.0  0.4  0.8  1.1  1.3  1.5  1.7  1.9  2.1  2.2  2.3  2.4  2.6  2.6  2.6  2.6  2.6  2.6
 47 |  2.7  2.7  2.6  2.6  2.4  2.3  2.1  1.9  1.7  1.5  1.2  0.9  0.5  0.0  0.0  0.0  0.0  0.0  0.0  0.0  0.0  0.0  0.0  0.0  0.0  0.0  0.0  0.0  0.0  0.0  0.0  0.0  0.0  0.0  0.0  0.0  0.0  0.0  0.0  0.0  0.0  0.0  0.0  0.0  0.0  0.0  0.0  0.0  0.0  0.0  0.0  0.0  0.0  0.0  0.0  0.0  0.0  0.0  0.0  0.0  0.0  0.0  0.0  0.0  0.0  0.0  0.0  0.0  0.0  0.0  0.0  0.0  0.2  0.6  1.0  1.3  1.5  1.8  2.0  2.1  2.3  2.4  2.6  2.7  2.7  2.8  2.8  2.8  2.8  2.8
 45 |  2.9  2.9  2.8  2.7  2.6  2.4  2.3  2.1  1.9  1.7  1.4  1.1  0.8  0.3  0.0  0.0  0.0  0.0  0.0  0.0  0.0  0.0  0.0  0.0  0.0  0.0  0.0  0.0  0.0  0.0  0.0  0.0  0.0  0.0  0.0  0.0  0.0  0.0  0.0  0.0  0.0  0.0  0.0  0.0  0.0  0.0  0.0  0.0  0.0  0.0  0.0  0.0  0.0  0.0  0.0  0.0  0.0  0.0  0.0  0.0  0.0  0.0  0.0  0.0  0.0  0.0  0.0  0.0  0.0  0.0  0.0  0.0  0.4  0.9  1.2  1.5  1.7  1.9  2.2  2.3  2.4  2.6  2.7  2.8  2.9  2.9  2.9  3.1  3.1  2.9
 43 |  3.2  3.1  3.1  2.9  2.8  2.7  2.4  2.3  2.1  1.9  1.6  1.3  1.0  0.6  0.0  0.0  0.0  0.0  0.0  0.0  0.0  0.0  0.0  0.0  0.0  0.0  0.0  0.0  0.0  0.0  0.0  0.0  0.0  0.0  0.0  0.0  0.0  0.0  0.0  0.0  0.0  0.0  0.0  0.0  0.0  0.0  0.0  0.0  0.0  0.0  0.0  0.0  0.0  0.0  0.0  0.0  0.0  0.0  0.0  0.0  0.0  0.0  0.0  0.0  0.0  0.0  0.0  0.0  0.0  0.0  0.0  0.2  0.7  1.0  1.4  1.7  1.9  2.1  2.3  2.6  2.7  2.8  2.9  3.1  3.1  3.2  3.2  3.2  3.2  3.2
 41 |  3.3  3.3  3.2  3.1  2.9  2.8  2.7  2.4  2.3  2.0  1.8  1.5  1.2  0.8  0.3  0.0  0.0  0.0  0.0  0.0  0.0  0.0  0.0  0.0  0.0  0.0  0.0  0.0  0.0  0.0  0.0  0.0  0.0  0.0  0.0  0.0  0.0  0.0  0.0  0.0  0.0  0.0  0.0  0.0  0.0  0.0  0.0  0.0  0.0  0.0  0.0  0.0  0.0  0.0  0.0  0.0  0.0  0.0  0.0  0.0  0.0  0.0  0.0  0.0  0.0  0.0  0.0  0.0  0.0  0.0  0.0  0.4  0.9  1.2  1.5  1.8  2.1  2.3  2.6  2.7  2.8  2.9  3.1  3.2  3.3  3.3  3.4  3.4  3.4  3.4
 39 |  3.5  3.4  3.4  3.3  3.2  2.9  2.8  2.7  2.4  2.2  1.9  1.6  1.3  1.0  0.5  0.0  0.0  0.0  0.0  0.0  0.0  0.0  0.0  0.0  0.0  0.0  0.0  0.0  0.0  0.0  0.0  0.0  0.0  0.0  0.0  0.0  0.0  0.0  0.0  0.0  0.0  0.0  0.0  0.0  0.0  0.0  0.0  0.0  0.0  0.0  0.0  0.0  0.0  0.0  0.0  0.0  0.0  0.0  0.0  0.0  0.0  0.0  0.0  0.0  0.0  0.0  0.0  0.0  0.0  0.0  0.0  0.6  1.0  1.4  1.7  2.0  2.3  2.4  2.7  2.8  3.1  3.2  3.3  3.4  3.5  3.5  3.5  3.6  3.6  3.5
 37 |  3.8  3.6  3.5  3.4  3.3  3.2  2.9  2.8  2.6  2.4  2.1  1.8  1.5  1.1  0.7  0.1  0.0  0.0  0.0  0.0  0.0  0.0  0.0  0.0  0.0  0.0  0.0  0.0  0.0  0.0  0.0  0.0  0.0  0.0  0.0  0.0  0.0  0.0  0.0  0.0  0.0  0.0  0.0  0.0  0.0  0.0  0.0  0.0  0.0  0.0  0.0  0.0  0.0  0.0  0.0  0.0  0.0  0.0  0.0  0.0  0.0  0.0  0.0  0.0  0.0  0.0  0.0  0.0  0.0  0.0  0.3  0.8  1.2  1.6  1.9  2.2  2.4  2.7  2.8  3.1  3.2  3.3  3.4  3.5  3.6  3.8  3.8  3.8  3.8  3.8
 35 |  3.9  3.8  3.8  3.6  3.5  3.3  3.2  2.9  2.8  2.6  2.3  2.0  1.6  1.3  0.9  0.4  0.0  0.0  0.0  0.0  0.0  0.0  0.0  0.0  0.0  0.0  0.0  0.0  0.0  0.0  0.0  0.0  0.0  0.0  0.0  0.0  0.0  0.0  0.0  0.0  0.0  0.0  0.0  0.0  0.0  0.0  0.0  0.0  0.0  0.0  0.0  0.0  0.0  0.0  0.0  0.0  0.0  0.0  0.0  0.0  0.0  0.0  0.0  0.0  0.0  0.0  0.0  0.0  0.0  0.0  0.5  1.0  1.4  1.7  2.1  2.3  2.6  2.8  3.1  3.2  3.4  3.5  3.6  3.8  3.9  3.9  4.0  4.0  4.0  4.0
 33 |  4.1  4.0  3.9  3.8  3.6  3.5  3.3  3.2  2.9  2.7  2.4  2.1  1.8  1.5  1.0  0.6  0.0  0.0  0.0  0.0  0.0  0.0  0.0  0.0  0.0  0.0  0.0  0.0  0.0  0.0  0.0  0.0  0.0  0.0  0.0  0.0  0.0  0.0  0.0  0.0  0.0  0.0  0.0  0.0  0.0  0.0  0.0  0.0  0.0  0.0  0.0  0.0  0.0  0.0  0.0  0.0  0.0  0.0  0.0  0.0  0.0  0.0  0.0  0.0  0.0  0.0  0.0  0.0  0.0  0.1  0.7  1.2  1.5  1.9  2.2  2.4  2.7  2.9  3.2  3.4  3.5  3.6  3.8  3.9  4.0  4.1  4.1  4.1  4.1  4.1
 31 |  4.2  4.2  4.1  4.0  3.8  3.6  3.5  3.3  3.1  2.8  2.6  2.3  2.0  1.6  1.2  0.8  0.1  0.0  0.0  0.0  0.0  0.0  0.0  0.0  0.0  0.0  0.0  0.0  0.0  0.0  0.0  0.0  0.0  0.0  0.0  0.0  0.0  0.0  0.0  0.0  0.0  0.0  0.0  0.0  0.0  0.0  0.0  0.0  0.0  0.0  0.0  0.0  0.0  0.0  0.0  0.0  0.0  0.0  0.0  0.0  0.0  0.0  0.0  0.0  0.0  0.0  0.0  0.0  0.0  0.3  0.9  1.3  1.7  2.0  2.3  2.7  2.9  3.1  3.3  3.5  3.6  3.9  4.0  4.1  4.2  4.2  4.3  4.3  4.3  4.3
 29 |  4.4  4.3  4.2  4.1  4.0  3.8  3.6  3.4  3.2  2.9  2.7  2.4  2.1  1.8  1.4  0.9  0.4  0.0  0.0  0.0  0.0  0.0  0.0  0.0  0.0  0.0  0.0  0.0  0.0  0.0  0.0  0.0  0.0  0.0  0.0  0.0  0.0  0.0  0.0  0.0  0.0  0.0  0.0  0.0  0.0  0.0  0.0  0.0  0.0  0.0  0.0  0.0  0.0  0.0  0.0  0.0  0.0  0.0  0.0  0.0  0.0  0.0  0.0  0.0  0.0  0.0  0.0  0.0  0.0  0.5  1.0  1.5  1.8  2.2  2.4  2.8  3.1  3.3  3.5  3.6  3.9  4.0  4.1  4.2  4.3  4.4  4.4  4.4  4.4  4.4
 27 |  4.5  4.4  4.4  4.3  4.1  4.0  3.8  3.5  3.3  3.1  2.8  2.6  2.3  1.9  1.5  1.1  0.6  0.0  0.0  0.0  0.0  0.0  0.0  0.0  0.0  0.0  0.0  0.0  0.0  0.0  0.0  0.0  0.0  0.0  0.0  0.0  0.0  0.0  0.0  0.0  0.0  0.0  0.0  0.0  0.0  0.0  0.0  0.0  0.0  0.0  0.0  0.0  0.0  0.0  0.0  0.0  0.0  0.0  0.0  0.0  0.0  0.0  0.0  0.0  0.0  0.0  0.0  0.0  0.0  0.7  1.2  1.6  2.0  2.3  2.7  2.9  3.2  3.4  3.6  3.9  4.0  4.2  4.3  4.4  4.5  4.5  4.6  4.6  4.6  4.6
 25 |  4.7  4.6  4.5  4.4  4.3  4.1  3.9  3.8  3.5  3.3  2.9  2.7  2.4  2.0  1.6  1.2  0.7  0.0  0.0  0.0  0.0  0.0  0.0  0.0  0.0  0.0  0.0  0.0  0.0  0.0  0.0  0.0  0.0  0.0  0.0  0.0  0.0  0.0  0.0  0.0  0.0  0.0  0.0  0.0  0.0  0.0  0.0  0.0  0.0  0.0  0.0  0.0  0.0  0.0  0.0  0.0  0.0  0.0  0.0  0.0  0.0  0.0  0.0  0.0  0.0  0.0  0.0  0.0  0.2  0.9  1.3  1.7  2.1  2.4  2.8  3.1  3.3  3.5  3.8  4.0  4.1  4.3  4.4  4.5  4.6  4.7  4.7  4.7  4.7  4.7
 23 |  4.8  4.7  4.6  4.5  4.4  4.2  4.1  3.9  3.6  3.4  3.1  2.8  2.6  2.2  1.8  1.4  0.9  0.2  0.0  0.0  0.0  0.0  0.0  0.0  0.0  0.0  0.0  0.0  0.0  0.0  0.0  0.0  0.0  0.0  0.0  0.0  0.0  0.0  0.0  0.0  0.0  0.0  0.0  0.0  0.0  0.0  0.0  0.0  0.0  0.0  0.0  0.0  0.0  0.0  0.0  0.0  0.0  0.0  0.0  0.0  0.0  0.0  0.0  0.0  0.0  0.0  0.0  0.0  0.4  1.0  1.5  1.9  2.3  2.6  2.9  3.2  3.4  3.6  3.9  4.1  4.3  4.4  4.6  4.7  4.7  4.8  4.9  4.9  4.9  4.8
 21 |  4.9  4.9  4.8  4.7  4.5  4.4  4.2  4.0  3.8  3.5  3.2  2.9  2.6  2.3  1.9  1.5  1.0  0.4  0.0  0.0  0.0  0.0  0.0  0.0  0.0  0.0  0.0  0.0  0.0  0.0  0.0  0.0  0.0  0.0  0.0  0.0  0.0  0.0  0.0  0.0  0.0  0.0  0.0  0.0  0.0  0.0  0.0  0.0  0.0  0.0  0.0  0.0  0.0  0.0  0.0  0.0  0.0  0.0  0.0  0.0  0.0  0.0  0.0  0.0  0.0  0.0  0.0  0.0  0.6  1.2  1.6  2.0  2.4  2.7  3.1  3.3  3.5  3.8  4.0  4.2  4.4  4.6  4.7  4.8  4.9  4.9  5.0  5.0  5.0  5.0
 19 |  5.1  5.0  4.9  4.8  4.6  4.5  4.3  4.1  3.9  3.6  3.3  3.1  2.7  2.4  2.0  1.6  1.2  0.6  0.0  0.0  0.0  0.0  0.0  0.0  0.0  0.0  0.0  0.0  0.0  0.0  0.0  0.0  0.0  0.0  0.0  0.0  0.0  0.0  0.0  0.0  0.0  0.0  0.0  0.0  0.0  0.0  0.0  0.0  0.0  0.0  0.0  0.0  0.0  0.0  0.0  0.0  0.0  0.0  0.0  0.0  0.0  0.0  0.0  0.0  0.0  0.0  0.0  0.0  0.8  1.3  1.7  2.1  2.4  2.8  3.2  3.4  3.6  4.0  4.2  4.4  4.5  4.7  4.8  4.9  5.0  5.1  5.1  5.1  5.1  5.1
 17 |  5.2  5.1  5.0  4.9  4.8  4.6  4.4  4.2  4.0  3.8  3.4  3.2  2.8  2.6  2.2  1.7  1.3  0.8  0.0  0.0  0.0  0.0  0.0  0.0  0.0  0.0  0.0  0.0  0.0  0.0  0.0  0.0  0.0  0.0  0.0  0.0  0.0  0.0  0.0  0.0  0.0  0.0  0.0  0.0  0.0  0.0  0.0  0.0  0.0  0.0  0.0  0.0  0.0  0.0  0.0  0.0  0.0  0.0  0.0  0.0  0.0  0.0  0.0  0.0  0.0  0.0  0.0  0.3  0.9  1.4  1.9  2.3  2.6  2.9  3.3  3.5  3.8  4.1  4.3  4.5  4.6  4.8  4.9  5.0  5.1  5.2  5.2  5.2  5.2  5.2
 15 |  5.2  5.2  5.1  5.0  4.9  4.7  4.5  4.3  4.1  3.9  3.5  3.3  2.9  2.7  2.3  1.9  1.4  0.9  0.2  0.0  0.0  0.0  0.0  0.0  0.0  0.0  0.0  0.0  0.0  0.0  0.0  0.0  0.0  0.0  0.0  0.0  0.0  0.0  0.0  0.0  0.0  0.0  0.0  0.0  0.0  0.0  0.0  0.0  0.0  0.0  0.0  0.0  0.0  0.0  0.0  0.0  0.0  0.0  0.0  0.0  0.0  0.0  0.0  0.0  0.0  0.0  0.0  0.4  1.0  1.5  2.0  2.3  2.7  3.1  3.4  3.6  3.9  4.2  4.4  4.6  4.8  4.9  5.1  5.2  5.2  5.2  5.3  5.3  5.3  5.3
 13 |  5.3  5.3  5.2  5.1  5.0  4.8  4.6  4.4  4.2  4.0  3.6  3.4  3.1  2.7  2.4  2.0  1.5  1.0  0.4  0.0  0.0  0.0  0.0  0.0  0.0  0.0  0.0  0.0  0.0  0.0  0.0  0.0  0.0  0.0  0.0  0.0  0.0  0.0  0.0  0.0  0.0  0.0  0.0  0.0  0.0  0.0  0.0  0.0  0.0  0.0  0.0  0.0  0.0  0.0  0.0  0.0  0.0  0.0  0.0  0.0  0.0  0.0  0.0  0.0  0.0  0.0  0.0  0.6  1.2  1.6  2.1  2.4  2.8  3.2  3.4  3.8  4.0  4.3  4.5  4.7  4.9  5.0  5.2  5.2  5.3  5.3  5.4  5.4  5.4  5.4
 11 |  5.4  5.4  5.3  5.2  5.1  4.9  4.7  4.5  4.3  4.1  3.8  3.5  3.2  2.8  2.4  2.1  1.6  1.2  0.6  0.0  0.0  0.0  0.0  0.0  0.0  0.0  0.0  0.0  0.0  0.0  0.0  0.0  0.0  0.0  0.0  0.0  0.0  0.0  0.0  0.0  0.0  0.0  0.0  0.0  0.0  0.0  0.0  0.0  0.0  0.0  0.0  0.0  0.0  0.0  0.0  0.0  0.0  0.0  0.0  0.0  0.0  0.0  0.0  0.0  0.0  0.0  0.0  0.8  1.3  1.8  2.2  2.6  2.9  3.3  3.5  3.9  4.1  4.4  4.6  4.8  5.0  5.1  5.2  5.3  5.4  5.5  5.5  5.5  5.5  5.5
  9 |  5.6  5.5  5.4  5.2  5.2  5.0  4.8  4.6  4.4  4.2  3.9  3.6  3.3  2.9  2.6  2.2  1.8  1.3  0.7  0.0  0.0  0.0  0.0  0.0  0.0  0.0  0.0  0.0  0.0  0.0  0.0  0.0  0.0  0.0  0.0  0.0  0.0  0.0  0.0  0.0  0.0  0.0  0.0  0.0  0.0  0.0  0.0  0.0  0.0  0.0  0.0  0.0  0.0  0.0  0.0  0.0  0.0  0.0  0.0  0.0  0.0  0.0  0.0  0.0  0.0  0.0  0.2  0.9  1.4  1.9  2.3  2.7  3.1  3.4  3.6  4.0  4.2  4.5  4.7  4.9  5.1  5.2  5.3  5.4  5.5  5.6  5.6  5.6  5.6  5.6
  7 |  5.7  5.6  5.5  5.3  5.2  5.1  4.9  4.7  4.5  4.3  4.0  3.6  3.4  3.1  2.7  2.3  1.9  1.4  0.9  0.2  0.0  0.0  0.0  0.0  0.0  0.0  0.0  0.0  0.0  0.0  0.0  0.0  0.0  0.0  0.0  0.0  0.0  0.0  0.0  0.0  0.0  0.0  0.0  0.0  0.0  0.0  0.0  0.0  0.0  0.0  0.0  0.0  0.0  0.0  0.0  0.0  0.0  0.0  0.0  0.0  0.0  0.0  0.0  0.0  0.0  0.0  0.4  1.0  1.5  2.0  2.4  2.8  3.2  3.4  3.8  4.1  4.3  4.6  4.8  5.0  5.2  5.2  5.4  5.5  5.6  5.7  5.7  5.7  5.7  5.7
  5 |  5.7  5.7  5.6  5.4  5.3  5.2  5.0  4.8  4.6  4.4  4.1  3.8  3.5  3.2  2.8  2.4  2.0  1.5  1.0  0.4  0.0  0.0  0.0  0.0  0.0  0.0  0.0  0.0  0.0  0.0  0.0  0.0  0.0  0.0  0.0  0.0  0.0  0.0  0.0  0.0  0.0  0.0  0.0  0.0  0.0  0.0  0.0  0.0  0.0  0.0  0.0  0.0  0.0  0.0  0.0  0.0  0.0  0.0  0.0  0.0  0.0  0.0  0.0  0.0  0.0  0.0  0.6  1.2  1.6  2.1  2.6  2.8  3.2  3.5  3.9  4.2  4.4  4.7  4.9  5.1  5.2  5.3  5.5  5.6  5.7  5.8  5.8  5.8  5.8  5.8
  3 |  5.8  5.8  5.7  5.5  5.4  5.2  5.1  4.9  4.7  4.4  4.2  3.9  3.5  3.2  2.8  2.4  2.1  1.6  1.1  0.5  0.0  0.0  0.0  0.0  0.0  0.0  0.0  0.0  0.0  0.0  0.0  0.0  0.0  0.0  0.0  0.0  0.0  0.0  0.0  0.0  0.0  0.0  0.0  0.0  0.0  0.0  0.0  0.0  0.0  0.0  0.0  0.0  0.0  0.0  0.0  0.0  0.0  0.0  0.0  0.0  0.0  0.0  0.0  0.0  0.0  0.0  0.7  1.3  1.7  2.2  2.6  2.9  3.3  3.6  4.0  4.2  4.5  4.7  5.0  5.2  5.3  5.4  5.6  5.7  5.8  5.9  5.9  5.9  5.9  5.9
  1 |  5.9  5.8  5.7  5.6  5.5  5.3  5.2  5.0  4.8  4.5  4.3  4.0  3.6  3.3  2.9  2.6  2.2  1.7  1.2  0.7  0.0  0.0  0.0  0.0  0.0  0.0  0.0  0.0  0.0  0.0  0.0  0.0  0.0  0.0  0.0  0.0  0.0  0.0  0.0  0.0  0.0  0.0  0.0  0.0  0.0  0.0  0.0  0.0  0.0  0.0  0.0  0.0  0.0  0.0  0.0  0.0  0.0  0.0  0.0  0.0  0.0  0.0  0.0  0.0  0.0  0.0  0.8  1.4  1.9  2.3  2.7  3.1  3.4  3.8  4.1  4.3  4.6  4.8  5.0  5.2  5.3  5.5  5.6  5.8  5.9  5.9  6.0  6.0  6.0  6.0
 -1 |  6.0  5.9  5.8  5.7  5.5  5.4  5.2  5.1  4.8  4.6  4.3  4.1  3.8  3.4  3.1  2.7  2.3  1.8  1.4  0.8  0.0  0.0  0.0  0.0  0.0  0.0  0.0  0.0  0.0  0.0  0.0  0.0  0.0  0.0  0.0  0.0  0.0  0.0  0.0  0.0  0.0  0.0  0.0  0.0  0.0  0.0  0.0  0.0  0.0  0.0  0.0  0.0  0.0  0.0  0.0  0.0  0.0  0.0  0.0  0.0  0.0  0.0  0.0  0.0  0.0  0.3  0.9  1.5  1.9  2.4  2.8  3.2  3.5  3.8  4.1  4.4  4.7  4.9  5.1  5.2  5.4  5.6  5.7  5.8  5.9  6.0  6.0  6.0  6.0  6.0
 -3 |  6.0  6.0  5.9  5.8  5.6  5.4  5.3  5.1  4.9  4.7  4.4  4.1  3.8  3.5  3.2  2.8  2.4  1.9  1.5  0.9  0.2  0.0  0.0  0.0  0.0  0.0  0.0  0.0  0.0  0.0  0.0  0.0  0.0  0.0  0.0  0.0  0.0  0.0  0.0  0.0  0.0  0.0  0.0  0.0  0.0  0.0  0.0  0.0  0.0  0.0  0.0  0.0  0.0  0.0  0.0  0.0  0.0  0.0  0.0  0.0  0.0  0.0  0.0  0.0  0.0  0.4  1.1  1.6  2.1  2.4  2.8  3.2  3.5  3.9  4.2  4.5  4.7  5.0  5.2  5.3  5.5  5.7  5.8  5.9  6.0  6.0  6.0  6.1  6.1  6.0
 -5 |  6.0  6.0  6.0  5.8  5.7  5.5  5.3  5.2  5.0  4.7  4.5  4.2  3.9  3.5  3.2  2.8  2.4  2.0  1.6  1.0  0.4  0.0  0.0  0.0  0.0  0.0  0.0  0.0  0.0  0.0  0.0  0.0  0.0  0.0  0.0  0.0  0.0  0.0  0.0  0.0  0.0  0.0  0.0  0.0  0.0  0.0  0.0  0.0  0.0  0.0  0.0  0.0  0.0  0.0  0.0  0.0  0.0  0.0  0.0  0.0  0.0  0.0  0.0  0.0  0.0  0.6  1.2  1.7  2.1  2.6  2.9  3.3  3.6  4.0  4.3  4.5  4.8  5.0  5.2  5.4  5.6  5.7  5.9  6.0  6.0  6.1  6.1  6.1  6.1  6.1
 -7 |  6.1  6.0  6.0  5.9  5.7  5.6  5.4  5.2  5.0  4.8  4.5  4.3  4.0  3.6  3.3  2.9  2.6  2.1  1.7  1.2  0.6  0.0  0.0  0.0  0.0  0.0  0.0  0.0  0.0  0.0  0.0  0.0  0.0  0.0  0.0  0.0  0.0  0.0  0.0  0.0  0.0  0.0  0.0  0.0  0.0  0.0  0.0  0.0  0.0  0.0  0.0  0.0  0.0  0.0  0.0  0.0  0.0  0.0  0.0  0.0  0.0  0.0  0.0  0.0  0.0  0.7  1.3  1.8  2.3  2.7  3.1  3.4  3.8  4.1  4.3  4.6  4.9  5.1  5.2  5.4  5.6  5.8  5.9  6.0  6.0  6.1  6.2  6.2  6.2  6.2
 -9 |  6.2  6.1  6.0  5.9  5.8  5.6  5.4  5.2  5.1  4.9  4.6  4.3  4.0  3.6  3.3  2.9  2.6  2.2  1.8  1.3  0.7  0.0  0.0  0.0  0.0  0.0  0.0  0.0  0.0  0.0  0.0  0.0  0.0  0.0  0.0  0.0  0.0  0.0  0.0  0.0  0.0  0.0  0.0  0.0  0.0  0.0  0.0  0.0  0.0  0.0  0.0  0.0  0.0  0.0  0.0  0.0  0.0  0.0  0.0  0.0  0.0  0.0  0.0  0.0  0.2  0.9  1.4  1.9  2.3  2.7  3.1  3.4  3.8  4.1  4.4  4.7  4.9  5.2  5.3  5.5  5.7  5.8  6.0  6.0  6.1  6.2  6.2  6.2  6.2  6.2
-11 |  6.2  6.1  6.0  6.0  5.8  5.7  5.5  5.3  5.2  4.9  4.6  4.4  4.1  3.8  3.4  3.1  2.7  2.3  1.9  1.4  0.9  0.1  0.0  0.0  0.0  0.0  0.0  0.0  0.0  0.0  0.0  0.0  0.0  0.0  0.0  0.0  0.0  0.0  0.0  0.0  0.0  0.0  0.0  0.0  0.0  0.0  0.0  0.0  0.0  0.0  0.0  0.0  0.0  0.0  0.0  0.0  0.0  0.0  0.0  0.0  0.0  0.0  0.0  0.0  0.4  1.0  1.5  2.0  2.4  2.8  3.2  3.5  3.9  4.2  4.4  4.7  5.0  5.2  5.3  5.5  5.7  5.9  6.0  6.1  6.1  6.2  6.3  6.3  6.3  6.3
-13 |  6.2  6.2  6.1  6.0  5.9  5.7  5.5  5.3  5.2  5.0  4.7  4.4  4.2  3.9  3.5  3.2  2.8  2.4  2.0  1.5  1.0  0.3  0.0  0.0  0.0  0.0  0.0  0.0  0.0  0.0  0.0  0.0  0.0  0.0  0.0  0.0  0.0  0.0  0.0  0.0  0.0  0.0  0.0  0.0  0.0  0.0  0.0  0.0  0.0  0.0  0.0  0.0  0.0  0.0  0.0  0.0  0.0  0.0  0.0  0.0  0.0  0.0  0.0  0.0  0.5  1.1  1.6  2.1  2.4  2.8  3.2  3.5  3.9  4.2  4.5  4.8  5.0  5.2  5.4  5.6  5.8  5.9  6.0  6.1  6.2  6.3  6.3  6.3  6.3  6.3
-15 |  6.3  6.2  6.1  6.0  5.9  5.8  5.6  5.4  5.2  5.0  4.7  4.5  4.2  3.9  3.5  3.2  2.8  2.4  2.1  1.6  1.1  0.5  0.0  0.0  0.0  0.0  0.0  0.0  0.0  0.0  0.0  0.0  0.0  0.0  0.0  0.0  0.0  0.0  0.0  0.0  0.0  0.0  0.0  0.0  0.0  0.0  0.0  0.0  0.0  0.0  0.0  0.0  0.0  0.0  0.0  0.0  0.0  0.0  0.0  0.0  0.0  0.0  0.0  0.0  0.7  1.2  1.7  2.2  2.6  2.9  3.3  3.6  4.0  4.3  4.5  4.8  5.1  5.2  5.4  5.6  5.8  6.0  6.0  6.1  6.2  6.3  6.3  6.4  6.4  6.3
-17 |  6.3  6.2  6.1  6.0  6.0  5.8  5.6  5.4  5.2  5.0  4.8  4.5  4.2  4.0  3.6  3.3  2.9  2.6  2.1  1.7  1.2  0.7  0.0  0.0  0.0  0.0  0.0  0.0  0.0  0.0  0.0  0.0  0.0  0.0  0.0  0.0  0.0  0.0  0.0  0.0  0.0  0.0  0.0  0.0  0.0  0.0  0.0  0.0  0.0  0.0  0.0  0.0  0.0  0.0  0.0  0.0  0.0  0.0  0.0  0.0  0.0  0.0  0.0  0.1  0.8  1.3  1.8  2.3  2.7  3.1  3.3  3.6  4.0  4.3  4.6  4.9  5.1  5.2  5.5  5.7  5.8  6.0  6.0  6.2  6.2  6.3  6.4  6.4  6.4  6.4
-19 |  6.3  6.2  6.1  6.0  6.0  5.8  5.6  5.4  5.2  5.1  4.8  4.6  4.3  4.0  3.6  3.3  2.9  2.6  2.2  1.8  1.3  0.8  0.0  0.0  0.0  0.0  0.0  0.0  0.0  0.0  0.0  0.0  0.0  0.0  0.0  0.0  0.0  0.0  0.0  0.0  0.0  0.0  0.0  0.0  0.0  0.0  0.0  0.0  0.0  0.0  0.0  0.0  0.0  0.0  0.0  0.0  0.0  0.0  0.0  0.0  0.0  0.0  0.0  0.3  0.9  1.4  1.9  2.3  2.7  3.1  3.4  3.8  4.1  4.4  4.6  4.9  5.1  5.3  5.5  5.7  5.9  6.0  6.1  6.2  6.3  6.3  6.4  6.4  6.4  6.4
-21 |  6.3  6.3  6.2  6.0  6.0  5.8  5.7  5.5  5.2  5.1  4.9  4.6  4.3  4.1  3.8  3.4  3.1  2.7  2.3  1.9  1.4  0.9  0.3  0.0  0.0  0.0  0.0  0.0  0.0  0.0  0.0  0.0  0.0  0.0  0.0  0.0  0.0  0.0  0.0  0.0  0.0  0.0  0.0  0.0  0.0  0.0  0.0  0.0  0.0  0.0  0.0  0.0  0.0  0.0  0.0  0.0  0.0  0.0  0.0  0.0  0.0  0.0  0.0  0.5  1.0  1.5  2.0  2.4  2.8  3.2  3.4  3.8  4.1  4.4  4.7  4.9  5.2  5.3  5.5  5.7  5.9  6.0  6.1  6.2  6.3  6.4  6.4  6.4  6.4  6.4
-23 |  6.3  6.3  6.2  6.1  6.0  5.9  5.7  5.5  5.3  5.1  4.9  4.6  4.4  4.1  3.8  3.4  3.1  2.7  2.4  2.0  1.5  1.0  0.5  0.0  0.0  0.0  0.0  0.0  0.0  0.0  0.0  0.0  0.0  0.0  0.0  0.0  0.0  0.0  0.0  0.0  0.0  0.0  0.0  0.0  0.0  0.0  0.0  0.0  0.0  0.0  0.0  0.0  0.0  0.0  0.0  0.0  0.0  0.0  0.0  0.0  0.0  0.0  0.0  0.6  1.2  1.6  2.1  2.4  2.8  3.2  3.5  3.9  4.2  4.4  4.7  5.0  5.2  5.3  5.5  5.7  5.9  6.0  6.1  6.2  6.3  6.4  6.4  6.4  6.4  6.4
-25 |  6.3  6.3  6.2  6.1  6.0  5.9  5.7  5.5  5.3  5.2  4.9  4.7  4.4  4.1  3.8  3.5  3.2  2.8  2.4  2.1  1.6  1.2  0.6  0.0  0.0  0.0  0.0  0.0  0.0  0.0  0.0  0.0  0.0  0.0  0.0  0.0  0.0  0.0  0.0  0.0  0.0  0.0  0.0  0.0  0.0  0.0  0.0  0.0  0.0  0.0  0.0  0.0  0.0  0.0  0.0  0.0  0.0  0.0  0.0  0.0  0.0  0.0  0.1  0.8  1.3  1.7  2.2  2.6  2.9  3.2  3.5  3.9  4.2  4.5  4.7  5.0  5.2  5.3  5.5  5.7  5.9  6.0  6.1  6.2  6.3  6.4  6.4  6.4  6.4  6.4
-27 |  6.3  6.3  6.2  6.1  6.0  5.9  5.7  5.5  5.3  5.2  4.9  4.7  4.4  4.2  3.9  3.5  3.2  2.8  2.6  2.1  1.7  1.3  0.8  0.1  0.0  0.0  0.0  0.0  0.0  0.0  0.0  0.0  0.0  0.0  0.0  0.0  0.0  0.0  0.0  0.0  0.0  0.0  0.0  0.0  0.0  0.0  0.0  0.0  0.0  0.0  0.0  0.0  0.0  0.0  0.0  0.0  0.0  0.0  0.0  0.0  0.0  0.0  0.3  0.9  1.4  1.8  2.3  2.6  2.9  3.3  3.6  4.0  4.2  4.5  4.7  5.0  5.2  5.3  5.5  5.7  5.9  6.0  6.1  6.2  6.3  6.3  6.4  6.4  6.4  6.4
-29 |  6.3  6.2  6.2  6.0  6.0  5.9  5.7  5.5  5.3  5.2  4.9  4.7  4.4  4.2  3.9  3.5  3.3  2.9  2.6  2.2  1.8  1.4  0.9  0.3  0.0  0.0  0.0  0.0  0.0  0.0  0.0  0.0  0.0  0.0  0.0  0.0  0.0  0.0  0.0  0.0  0.0  0.0  0.0  0.0  0.0  0.0  0.0  0.0  0.0  0.0  0.0  0.0  0.0  0.0  0.0  0.0  0.0  0.0  0.0  0.0  0.0  0.0  0.5  1.0  1.5  1.9  2.3  2.7  3.1  3.3  3.6  4.0  4.3  4.5  4.8  5.0  5.2  5.4  5.6  5.7  5.9  6.0  6.1  6.2  6.3  6.3  6.4  6.4  6.4  6.4
-31 |  6.3  6.2  6.1  6.0  6.0  5.9  5.7  5.5  5.3  5.2  5.0  4.7  4.5  4.2  3.9  3.6  3.3  2.9  2.7  2.3  1.9  1.5  1.0  0.5  0.0  0.0  0.0  0.0  0.0  0.0  0.0  0.0  0.0  0.0  0.0  0.0  0.0  0.0  0.0  0.0  0.0  0.0  0.0  0.0  0.0  0.0  0.0  0.0  0.0  0.0  0.0  0.0  0.0  0.0  0.0  0.0  0.0  0.0  0.0  0.0  0.0  0.0  0.7  1.2  1.6  2.0  2.4  2.7  3.1  3.4  3.6  4.0  4.3  4.5  4.8  5.0  5.2  5.4  5.5  5.7  5.9  6.0  6.1  6.2  6.2  6.3  6.4  6.4  6.4  6.3
-33 |  6.3  6.2  6.1  6.0  6.0  5.8  5.7  5.5  5.3  5.2  5.0  4.7  4.5  4.2  4.0  3.6  3.3  3.1  2.7  2.3  2.0  1.6  1.2  0.7  0.0  0.0  0.0  0.0  0.0  0.0  0.0  0.0  0.0  0.0  0.0  0.0  0.0  0.0  0.0  0.0  0.0  0.0  0.0  0.0  0.0  0.0  0.0  0.0  0.0  0.0  0.0  0.0  0.0  0.0  0.0  0.0  0.0  0.0  0.0  0.0  0.0  0.2  0.8  1.3  1.7  2.1  2.4  2.8  3.1  3.4  3.8  4.0  4.3  4.5  4.8  5.0  5.2  5.3  5.5  5.7  5.9  6.0  6.0  6.1  6.2  6.3  6.3  6.3  6.3  6.3
-35 |  6.2  6.2  6.1  6.0  6.0  5.8  5.7  5.5  5.3  5.2  5.0  4.7  4.5  4.2  4.0  3.6  3.4  3.1  2.8  2.4  2.1  1.7  1.3  0.8  0.3  0.0  0.0  0.0  0.0  0.0  0.0  0.0  0.0  0.0  0.0  0.0  0.0  0.0  0.0  0.0  0.0  0.0  0.0  0.0  0.0  0.0  0.0  0.0  0.0  0.0  0.0  0.0  0.0  0.0  0.0  0.0  0.0  0.0  0.0  0.0  0.0  0.4  0.9  1.4  1.8  2.2  2.6  2.8  3.2  3.4  3.8  4.1  4.3  4.6  4.8  5.0  5.2  5.3  5.5  5.7  5.8  6.0  6.0  6.1  6.2  6.2  6.3  6.3  6.3  6.3
-37 |  6.2  6.1  6.0  6.0  5.9  5.8  5.6  5.5  5.3  5.2  5.0  4.7  4.5  4.3  4.0  3.8  3.4  3.2  2.8  2.4  2.1  1.8  1.4  1.0  0.5  0.0  0.0  0.0  0.0  0.0  0.0  0.0  0.0  0.0  0.0  0.0  0.0  0.0  0.0  0.0  0.0  0.0  0.0  0.0  0.0  0.0  0.0  0.0  0.0  0.0  0.0  0.0  0.0  0.0  0.0  0.0  0.0  0.0  0.0  0.0  0.0  0.6  1.1  1.5  1.9  2.3  2.6  2.9  3.2  3.5  3.8  4.1  4.3  4.6  4.8  5.0  5.2  5.3  5.5  5.7  5.8  6.0  6.0  6.1  6.1  6.2  6.2  6.3  6.3  6.2
-39 |  6.1  6.1  6.0  6.0  5.9  5.7  5.6  5.4  5.3  5.2  5.0  4.7  4.5  4.3  4.0  3.8  3.4  3.2  2.8  2.6  2.2  1.9  1.5  1.1  0.7  0.0  0.0  0.0  0.0  0.0  0.0  0.0  0.0  0.0  0.0  0.0  0.0  0.0  0.0  0.0  0.0  0.0  0.0  0.0  0.0  0.0  0.0  0.0  0.0  0.0  0.0  0.0  0.0  0.0  0.0  0.0  0.0  0.0  0.0  0.0  0.2  0.8  1.2  1.6  2.0  2.3  2.7  2.9  3.3  3.5  3.8  4.1  4.3  4.6  4.8  5.0  5.2  5.3  5.5  5.6  5.8  5.9  6.0  6.0  6.1  6.2  6.2  6.2  6.2  6.2
-41 |  6.1  6.0  6.0  6.0  5.8  5.7  5.6  5.4  5.2  5.1  4.9  4.7  4.5  4.3  4.0  3.8  3.5  3.2  2.9  2.6  2.3  2.0  1.6  1.2  0.8  0.3  0.0  0.0  0.0  0.0  0.0  0.0  0.0  0.0  0.0  0.0  0.0  0.0  0.0  0.0  0.0  0.0  0.0  0.0  0.0  0.0  0.0  0.0  0.0  0.0  0.0  0.0  0.0  0.0  0.0  0.0  0.0  0.0  0.0  0.0  0.5  0.9  1.3  1.7  2.0  2.4  2.7  2.9  3.3  3.5  3.9  4.1  4.3  4.6  4.8  5.0  5.2  5.3  5.4  5.6  5.7  5.9  6.0  6.0  6.0  6.1  6.1  6.2  6.2  6.1
-43 |  6.0  6.0  6.0  5.9  5.8  5.7  5.5  5.4  5.2  5.1  4.9  4.7  4.5  4.3  4.1  3.8  3.5  3.3  2.9  2.7  2.4  2.0  1.7  1.4  1.0  0.5  0.0  0.0  0.0  0.0  0.0  0.0  0.0  0.0  0.0  0.0  0.0  0.0  0.0  0.0  0.0  0.0  0.0  0.0  0.0  0.0  0.0  0.0  0.0  0.0  0.0  0.0  0.0  0.0  0.0  0.0  0.0  0.0  0.0  0.1  0.6  1.1  1.4  1.8  2.1  2.4  2.7  3.1  3.3  3.5  3.9  4.1  4.3  4.6  4.8  5.0  5.2  5.2  5.4  5.6  5.7  5.8  5.9  6.0  6.0  6.0  6.1  6.1  6.1  6.1
-45 |  6.0  6.0  5.9  5.8  5.7  5.6  5.5  5.3  5.2  5.1  4.9  4.7  4.5  4.3  4.1  3.8  3.5  3.3  3.1  2.7  2.4  2.1  1.8  1.5  1.1  0.7  0.2  0.0  0.0  0.0  0.0  0.0  0.0  0.0  0.0  0.0  0.0  0.0  0.0  0.0  0.0  0.0  0.0  0.0  0.0  0.0  0.0  0.0  0.0  0.0  0.0  0.0  0.0  0.0  0.0  0.0  0.0  0.0  0.0  0.4  0.8  1.2  1.5  1.9  2.2  2.6  2.8  3.1  3.3  3.6  3.9  4.1  4.3  4.5  4.7  4.9  5.1  5.2  5.4  5.5  5.6  5.8  5.9  6.0  6.0  6.0  6.0  6.0  6.0  6.0
-47 |  6.0  5.9  5.9  5.8  5.7  5.6  5.4  5.3  5.2  5.0  4.9  4.7  4.5  4.3  4.1  3.8  3.5  3.3  3.1  2.8  2.4  2.2  1.9  1.6  1.2  0.9  0.5  0.0  0.0  0.0  0.0  0.0  0.0  0.0  0.0  0.0  0.0  0.0  0.0  0.0  0.0  0.0  0.0  0.0  0.0  0.0  0.0  0.0  0.0  0.0  0.0  0.0  0.0  0.0  0.0  0.0  0.0  0.0  0.0  0.6  1.0  1.3  1.7  2.0  2.3  2.6  2.8  3.1  3.4  3.6  3.9  4.1  4.3  4.5  4.7  4.9  5.1  5.2  5.3  5.5  5.6  5.7  5.8  5.9  5.9  6.0  6.0  6.0  6.0  6.0
-49 |  5.9  5.9  5.8  5.7  5.6  5.5  5.4  5.2  5.2  5.0  4.8  4.7  4.5  4.3  4.1  3.9  3.5  3.3  3.1  2.8  2.6  2.3  2.0  1.7  1.4  1.0  0.7  0.2  0.0  0.0  0.0  0.0  0.0  0.0  0.0  0.0  0.0  0.0  0.0  0.0  0.0  0.0  0.0  0.0  0.0  0.0  0.0  0.0  0.0  0.0  0.0  0.0  0.0  0.0  0.0  0.0  0.0  0.0  0.4  0.8  1.1  1.5  1.8  2.1  2.3  2.6  2.9  3.2  3.4  3.6  3.9  4.1  4.3  4.5  4.7  4.9  5.1  5.2  5.3  5.4  5.5  5.6  5.7  5.8  5.9  5.9  5.9  6.0  6.0  5.9
-51 |  5.8  5.8  5.7  5.6  5.5  5.4  5.3  5.2  5.1  5.0  4.8  4.6  4.4  4.3  4.1  3.9  3.6  3.4  3.1  2.8  2.6  2.3  2.1  1.8  1.5  1.2  0.9  0.5  0.0  0.0  0.0  0.0  0.0  0.0  0.0  0.0  0.0  0.0  0.0  0.0  0.0  0.0  0.0  0.0  0.0  0.0  0.0  0.0  0.0  0.0  0.0  0.0  0.0  0.0  0.0  0.0  0.0  0.2  0.6  0.9  1.3  1.6  1.9  2.2  2.4  2.7  2.9  3.2  3.4  3.6  3.9  4.1  4.3  4.5  4.7  4.8  5.0  5.2  5.2  5.3  5.5  5.6  5.6  5.7  5.8  5.8  5.9  5.9  5.9  5.9
-53 |  5.7  5.7  5.6  5.5  5.5  5.3  5.2  5.2  5.1  4.9  4.8  4.6  4.4  4.2  4.0  3.9  3.6  3.4  3.2  2.9  2.7  2.4  2.2  1.9  1.6  1.3  1.0  0.7  0.3  0.0  0.0  0.0  0.0  0.0  0.0  0.0  0.0  0.0  0.0  0.0  0.0  0.0  0.0  0.0  0.0  0.0  0.0  0.0  0.0  0.0  0.0  0.0  0.0  0.0  0.0  0.0  0.0  0.4  0.8  1.1  1.4  1.7  2.0  2.3  2.4  2.7  2.9  3.2  3.4  3.6  3.9  4.1  4.3  4.5  4.6  4.8  5.0  5.1  5.2  5.3  5.4  5.5  5.6  5.6  5.7  5.7  5.8  5.8  5.8  5.8
-55 |  5.6  5.6  5.5  5.5  5.4  5.3  5.2  5.1  5.0  4.9  4.7  4.6  4.4  4.2  4.0  3.9  3.6  3.4  3.2  2.9  2.7  2.4  2.3  2.0  1.7  1.5  1.2  0.9  0.6  0.2  0.0  0.0  0.0  0.0  0.0  0.0  0.0  0.0  0.0  0.0  0.0  0.0  0.0  0.0  0.0  0.0  0.0  0.0  0.0  0.0  0.0  0.0  0.0  0.0  0.0  0.0  0.3  0.7  1.0  1.3  1.5  1.8  2.1  2.3  2.6  2.8  3.1  3.2  3.4  3.6  3.9  4.1  4.3  4.4  4.6  4.8  4.9  5.0  5.2  5.2  5.3  5.4  5.5  5.5  5.6  5.6  5.7  5.7  5.7  5.7
-57 |  5.5  5.5  5.4  5.4  5.3  5.2  5.2  5.1  4.9  4.8  4.7  4.5  4.4  4.2  4.0  3.8  3.6  3.4  3.2  2.9  2.8  2.6  2.3  2.1  1.9  1.6  1.4  1.1  0.8  0.5  0.2  0.0  0.0  0.0  0.0  0.0  0.0  0.0  0.0  0.0  0.0  0.0  0.0  0.0  0.0  0.0  0.0  0.0  0.0  0.0  0.0  0.0  0.0  0.0  0.0  0.3  0.6  0.9  1.2  1.4  1.7  1.9  2.2  2.4  2.6  2.8  3.1  3.3  3.4  3.6  3.9  4.1  4.2  4.4  4.5  4.7  4.8  5.0  5.1  5.2  5.2  5.3  5.4  5.4  5.5  5.5  5.6  5.6  5.6  5.6
-59 |  5.4  5.4  5.3  5.3  5.2  5.2  5.1  5.0  4.9  4.7  4.6  4.5  4.3  4.2  4.0  3.8  3.6  3.4  3.2  3.1  2.8  2.6  2.4  2.2  2.0  1.7  1.5  1.3  1.0  0.8  0.5  0.2  0.0  0.0  0.0  0.0  0.0  0.0  0.0  0.0  0.0  0.0  0.0  0.0  0.0  0.0  0.0  0.0  0.0  0.0  0.0  0.0  0.0  0.0  0.3  0.6  0.8  1.1  1.3  1.6  1.8  2.0  2.3  2.4  2.7  2.8  3.1  3.3  3.4  3.6  3.9  4.0  4.2  4.4  4.5  4.6  4.8  4.9  5.0  5.1  5.2  5.2  5.3  5.3  5.4  5.4  5.4  5.5  5.5  5.4
-61 |  5.3  5.3  5.2  5.2  5.2  5.1  5.0  4.9  4.8  4.7  4.5  4.4  4.3  4.1  4.0  3.8  3.6  3.4  3.3  3.1  2.8  2.7  2.4  2.3  2.1  1.9  1.6  1.4  1.2  1.0  0.8  0.5  0.3  0.0  0.0  0.0  0.0  0.0  0.0  0.0  0.0  0.0  0.0  0.0  0.0  0.0  0.0  0.0  0.0  0.0  0.0  0.0  0.0  0.3  0.6  0.8  1.0  1.3  1.5  1.7  1.9  2.1  2.3  2.6  2.7  2.9  3.1  3.3  3.5  3.6  3.9  4.0  4.2  4.3  4.4  4.6  4.7  4.8  4.9  5.0  5.1  5.2  5.2  5.2  5.3  5.3  5.3  5.3  5.3  5.3
-63 |  5.2  5.2  5.2  5.1  5.1  5.0  4.9  4.8  4.7  4.6  4.5  4.4  4.2  4.1  4.0  3.8  3.6  3.4  3.3  3.1  2.9  2.7  2.6  2.3  2.2  2.0  1.8  1.6  1.4  1.2  1.0  0.8  0.6  0.4  0.1  0.0  0.0  0.0  0.0  0.0  0.0  0.0  0.0  0.0  0.0  0.0  0.0  0.0  0.0  0.0  0.0  0.2  0.4  0.6  0.9  1.0  1.2  1.4  1.6  1.8  2.0  2.2  2.4  2.6  2.8  2.9  3.2  3.3  3.5  3.6  3.8  4.0  4.1  4.3  4.4  4.5  4.6  4.7  4.8  4.9  5.0  5.1  5.2  5.2  5.2  5.2  5.2  5.2  5.2  5.2
-65 |  5.2  5.1  5.1  5.0  5.0  4.9  4.8  4.7  4.6  4.5  4.4  4.3  4.2  4.1  3.9  3.8  3.6  3.4  3.3  3.1  2.9  2.8  2.6  2.4  2.3  2.1  1.9  1.7  1.5  1.4  1.2  1.0  0.9  0.7  0.5  0.4  0.2  0.0  0.0  0.0  0.0  0.0  0.0  0.0  0.0  0.0  0.0  0.0  0.1  0.2  0.4  0.6  0.7  0.9  1.1  1.2  1.4  1.6  1.8  1.9  2.1  2.3  2.4  2.7  2.8  2.9  3.2  3.3  3.5  3.6  3.8  4.0  4.1  4.2  4.3  4.4  4.6  4.7  4.8  4.8  4.9  5.0  5.0  5.1  5.1  5.2  5.2  5.2  5.2  5.2
-67 |  5.0  5.0  5.0  4.9  4.9  4.8  4.7  4.6  4.5  4.5  4.4  4.2  4.1  4.0  3.9  3.8  3.5  3.4  3.3  3.2  2.9  2.8  2.7  2.6  2.3  2.2  2.0  1.9  1.7  1.6  1.4  1.3  1.1  1.0  0.8  0.7  0.6  0.5  0.4  0.3  0.2  0.2  0.2  0.2  0.2  0.2  0.3  0.4  0.5  0.6  0.7  0.9  1.0  1.2  1.3  1.4  1.6  1.8  1.9  2.1  2.3  2.4  2.6  2.7  2.8  3.1  3.2  3.3  3.5  3.6  3.8  3.9  4.0  4.2  4.3  4.4  4.5  4.6  4.7  4.7  4.8  4.9  4.9  5.0  5.0  5.0  5.1  5.1  5.1  5.1
-69 |  4.9  4.9  4.8  4.8  4.7  4.7  4.6  4.5  4.5  4.4  4.3  4.2  4.1  4.0  3.9  3.6  3.5  3.4  3.3  3.2  3.1  2.8  2.7  2.6  2.4  2.3  2.2  2.0  1.9  1.7  1.6  1.5  1.3  1.2  1.1  1.0  0.9  0.8  0.7  0.7  0.6  0.6  0.6  0.6  0.6  0.7  0.7  0.8  0.8  0.9  1.0  1.1  1.2  1.4  1.5  1.6  1.8  1.9  2.1  2.2  2.3  2.4  2.6  2.8  2.9  3.1  3.2  3.3  3.4  3.6  3.8  3.9  4.0  4.1  4.2  4.3  4.4  4.5  4.6  4.6  4.7  4.8  4.8  4.8  4.9  4.9  4.9  4.9  4.9  4.9
-71 |  4.8  4.7  4.7  4.7  4.6  4.6  4.5  4.4  4.4  4.3  4.2  4.1  4.0  3.9  3.8  3.6  3.5  3.4  3.3  3.2  3.1  2.9  2.8  2.7  2.6  2.4  2.3  2.2  2.0  1.9  1.8  1.7  1.5  1.4  1.4  1.3  1.2  1.1  1.0  1.0  1.0  0.9  0.9  0.9  0.9  1.0  1.0  1.1  1.1  1.2  1.3  1.4  1.5  1.6  1.7  1.8  1.9  2.1  2.2  2.3  2.4  2.6  2.7  2.8  2.9  3.1  3.2  3.3  3.4  3.5  3.6  3.8  3.9  4.0  4.1  4.2  4.3  4.4  4.5  4.5  4.6  4.6  4.7  4.7  4.7  4.8  4.8  4.8  4.8  4.8
-73 |  4.6  4.6  4.6  4.5  4.5  4.4  4.4  4.3  4.3  4.2  4.1  4.0  4.0  3.9  3.8  3.6  3.5  3.4  3.3  3.2  3.1  2.9  2.8  2.7  2.6  2.6  2.4  2.3  2.2  2.1  1.9  1.9  1.8  1.7  1.6  1.5  1.4  1.4  1.3  1.3  1.3  1.2  1.2  1.2  1.2  1.3  1.3  1.4  1.4  1.5  1.5  1.6  1.7  1.8  1.9  2.0  2.1  2.2  2.3  2.4  2.6  2.7  2.8  2.8  2.9  3.1  3.2  3.3  3.4  3.5  3.6  3.8  3.9  4.0  4.1  4.1  4.2  4.3  4.3  4.4  4.5  4.5  4.5  4.6  4.6  4.6  4.6  4.6  4.6  4.6
-75 |  4.5  4.5  4.4  4.4  4.4  4.3  4.3  4.2  4.2  4.1  4.0  4.0  3.9  3.8  3.6  3.6  3.5  3.4  3.3  3.2  3.1  2.9  2.9  2.8  2.7  2.6  2.4  2.4  2.3  2.2  2.1  2.0  2.0  1.9  1.8  1.7  1.7  1.6  1.6  1.6  1.5  1.5  1.5  1.5  1.5  1.5  1.6  1.6  1.6  1.7  1.8  1.8  1.9  2.0  2.1  2.1  2.3  2.3  2.4  2.6  2.6  2.7  2.8  2.9  3.1  3.2  3.2  3.3  3.4  3.5  3.6  3.8  3.8  3.9  4.0  4.1  4.1  4.2  4.2  4.3  4.3  4.4  4.4  4.4  4.5  4.5  4.5  4.5  4.5  4.5
-77 |  4.3  4.3  4.3  4.3  4.2  4.2  4.2  4.1  4.1  4.0  3.9  3.9  3.8  3.8  3.6  3.5  3.4  3.4  3.3  3.2  3.2  3.1  2.9  2.8  2.8  2.7  2.6  2.6  2.4  2.3  2.3  2.2  2.1  2.1  2.0  2.0  1.9  1.9  1.8  1.8  1.8  1.8  1.8  1.8  1.8  1.8  1.8  1.9  1.9  1.9  2.0  2.0  2.1  2.2  2.3  2.3  2.4  2.4  2.6  2.6  2.7  2.8  2.9  2.9  3.1  3.2  3.2  3.3  3.4  3.5  3.5  3.6  3.8  3.8  3.9  4.0  4.0  4.1  4.1  4.2  4.2  4.2  4.3  4.3  4.3  4.3  4.3  4.3  4.3  4.3
-79 |  4.2  4.2  4.1  4.1  4.1  4.1  4.0  4.0  4.0  3.9  3.9  3.8  3.8  3.6  3.5  3.5  3.4  3.4  3.3  3.2  3.2  3.1  2.9  2.9  2.8  2.8  2.7  2.7  2.6  2.6  2.4  2.4  2.3  2.3  2.2  2.2  2.1  2.1  2.1  2.1  2.0  2.0  2.0  2.0  2.0  2.0  2.1  2.1  2.1  2.2  2.2  2.3  2.3  2.3  2.4  2.4  2.6  2.6  2.7  2.7  2.8  2.8  2.9  3.1  3.1  3.2  3.2  3.3  3.4  3.4  3.5  3.6  3.6  3.8  3.8  3.9  3.9  4.0  4.0  4.0  4.1  4.1  4.1  4.2  4.2  4.2  4.2  4.2  4.2  4.2
-81 |  4.0  4.0  4.0  4.0  4.0  3.9  3.9  3.9  3.8  3.8  3.8  3.6  3.6  3.5  3.5  3.4  3.4  3.3  3.3  3.2  3.2  3.1  3.1  2.9  2.9  2.8  2.8  2.7  2.7  2.7  2.6  2.6  2.4  2.4  2.4  2.4  2.3  2.3  2.3  2.3  2.3  2.3  2.3  2.3  2.3  2.3  2.3  2.3  2.3  2.3  2.4  2.4  2.4  2.6  2.6  2.6  2.7  2.7  2.8  2.8  2.8  2.9  2.9  3.1  3.1  3.2  3.2  3.3  3.3  3.4  3.4  3.5  3.5  3.6  3.6  3.8  3.8  3.8  3.9  3.9  3.9  4.0  4.0  4.0  4.0  4.0  4.0  4.0  4.0  4.0
-83 |  3.9  3.9  3.9  3.8  3.8  3.8  3.8  3.8  3.6  3.6  3.6  3.5  3.5  3.5  3.4  3.4  3.4  3.3  3.3  3.2  3.2  3.2  3.1  3.1  2.9  2.9  2.9  2.8  2.8  2.8  2.7  2.7  2.7  2.6  2.6  2.6  2.6  2.6  2.6  2.6  2.4  2.4  2.4  2.4  2.4  2.4  2.6  2.6  2.6  2.6  2.6  2.6  2.7  2.7  2.7  2.7  2.8  2.8  2.8  2.9  2.9  2.9  3.1  3.1  3.2  3.2  3.2  3.3  3.3  3.4  3.4  3.4  3.5  3.5  3.5  3.6  3.6  3.6  3.8  3.8  3.8  3.8  3.8  3.9  3.9  3.9  3.9  3.9  3.9  3.9
-85 |  3.6  3.6  3.6  3.6  3.6  3.6  3.5  3.5  3.5  3.5  3.5  3.4  3.4  3.4  3.4  3.3  3.3  3.3  3.3  3.2  3.2  3.2  3.1  3.1  3.1  3.1  2.9  2.9  2.9  2.9  2.8  2.8  2.8  2.8  2.8  2.8  2.7  2.7  2.7  2.7  2.7  2.7  2.7  2.7  2.7  2.7  2.7  2.7  2.7  2.7  2.8  2.8  2.8  2.8  2.8  2.8  2.9  2.9  2.9  2.9  3.1  3.1  3.1  3.2  3.2  3.2  3.2  3.3  3.3  3.3  3.4  3.4  3.4  3.4  3.5  3.5  3.5  3.5  3.5  3.6  3.6  3.6  3.6  3.6  3.6  3.6  3.6  3.6  3.6  3.6
-87 |  3.5  3.5  3.4  3.4  3.4  3.4  3.4  3.4  3.4  3.4  3.4  3.4  3.3  3.3  3.3  3.3  3.3  3.3  3.2  3.2  3.2  3.2  3.2  3.2  3.1  3.1  3.1  3.1  3.1  3.1  3.1  2.9  2.9  2.9  2.9  2.9  2.9  2.9  2.9  2.9  2.9  2.9  2.9  2.9  2.9  2.9  2.9  2.9  2.9  2.9  2.9  2.9  2.9  2.9  2.9  3.1  3.1  3.1  3.1  3.1  3.1  3.1  3.2  3.2  3.2  3.2  3.2  3.2  3.3  3.3  3.3  3.3  3.3  3.3  3.4  3.4  3.4  3.4  3.4  3.4  3.4  3.4  3.4  3.4  3.5  3.5  3.5  3.5  3.5  3.5
-89 |  3.3  3.3  3.3  3.3  3.3  3.3  3.3  3.3  3.3  3.3  3.3  3.3  3.3  3.3  3.2  3.2  3.2  3.2  3.2  3.2  3.2  3.2  3.2  3.2  3.2  3.2  3.2  3.2  3.2  3.2  3.2  3.2  3.2  3.1  3.1  3.1  3.1  3.1  3.1  3.1  3.1  3.1  3.1  3.1  3.1  3.1  3.1  3.1  3.1  3.1  3.1  3.1  3.1  3.2  3.2  3.2  3.2  3.2  3.2  3.2  3.2  3.2  3.2  3.2  3.2  3.2  3.2  3.2  3.2  3.2  3.2  3.2  3.3  3.3  3.3  3.3  3.3  3.3  3.3  3.3  3.3  3.3  3.3  3.3  3.3  3.3  3.3  3.3  3.3  3.3
