# DRAP Tabular Values
# Product: D-Region Absorption         /images/drap2_tab.txt
# Product Valid At : 2025-12-20 01:34 UTC
#
# Prepared by the U.S. Dept. of Commerce, NOAA, Space Weather Prediction Center.
# Please send comments and suggestions to SWPC.Webmaster@noaa.gov
#
# Estimated Recovery Time : No Estimate
#
#  X-RAY Message : Normal X-ray Background
#
#  X-RAY Warning : NO NEW X-RAY FLUX FOR 2 MINUTES
#
#  Proton Message : Normal Proton Background
#
#  Proton Warning : 
#
# Frequency (MHz) as a function of Latitude and Longitude
#
      -178 -174 -170 -166 -162 -158 -154 -150 -146 -142 -138 -134 -130 -126 -122 -118 -114 -110 -106 -102  -98  -94  -90  -86  -82  -78  -74  -70  -66  -62  -58  -54  -50  -46  -42  -38  -34  -30  -26  -22  -18  -14  -10   -6   -2    2    6   10   14   18   22   26   30   34   38   42   46   50   54   58   62   66   70   74   78   82   86   90   94   98  102  106  110  114  118  122  126  130  134  138  142  146  150  154  158  162  166  170  174  178
------------------------------------------------------------------------------------------------------------------------------------------------------------------------------------------------------------------------------------------------------------------------------------------------------------------------------------------------------------------------------------------------------------------------------------------------------------------------
 89 |  0.0  0.0  0.0  0.0  0.0  0.0  0.0  0.0  0.0  0.0  0.0  0.0  0.0  0.0  0.0  0.0  0.0  0.0  0.0  0.0  0.0  0.0  0.0  0.0  0.0  0.0  0.0  0.0  0.0  0.0  0.0  0.0  0.0  0.0  0.0  0.0  0.0  0.0  0.0  0.0  0.0  0.0  0.0  0.0  0.0  0.0  0.0  0.0  0.0  0.0  0.0  0.0  0.0  0.0  0.0  0.0  0.0  0.0  0.0  0.0  0.0  0.0  0.0  0.0  0.0  0.0  0.0  0.0  0.0  0.0  0.0  0.0  0.0  0.0  0.0  0.0  0.0  0.0  0.0  0.0  0.0  0.0  0.0  0.0  0.0  0.0  0.0  0.0  0.0  0.0
 87 |  0.0  0.0  0.0  0.0  0.0  0.0  0.0  0.0  0.0  0.0  0.0  0.0  0.0  0.0  0.0  0.0  0.0  0.0  0.0  0.0  0.0  0.0  0.0  0.0  0.0  0.0  0.0  0.0  0.0  0.0  0.0  0.0  0.0  0.0  0.0  0.0  0.0  0.0  0.0  0.0  0.0  0.0  0.0  0.0  0.0  0.0  0.0  0.0  0.0  0.0  0.0  0.0  0.0  0.0  0.0  0.0  0.0  0.0  0.0  0.0  0.0  0.0  0.0  0.0  0.0  0.0  0.0  0.0  0.0  0.0  0.0  0.0  0.0  0.0  0.0  0.0  0.0  0.0  0.0  0.0  0.0  0.0  0.0  0.0  0.0  0.0  0.0  0.0  0.0  0.0
 85 |  0.0  0.0  0.0  0.0  0.0  0.0  0.0  0.0  0.0  0.0  0.0  0.0  0.0  0.0  0.0  0.0  0.0  0.0  0.0  0.0  0.0  0.0  0.0  0.0  0.0  0.0  0.0  0.0  0.0  0.0  0.0  0.0  0.0  0.0  0.0  0.0  0.0  0.0  0.0  0.0  0.0  0.0  0.0  0.0  0.0  0.0  0.0  0.0  0.0  0.0  0.0  0.0  0.0  0.0  0.0  0.0  0.0  0.0  0.0  0.0  0.0  0.0  0.0  0.0  0.0  0.0  0.0  0.0  0.0  0.0  0.0  0.0  0.0  0.0  0.0  0.0  0.0  0.0  0.0  0.0  0.0  0.0  0.0  0.0  0.0  0.0  0.0  0.0  0.0  0.0
 83 |  0.0  0.0  0.0  0.0  0.0  0.0  0.0  0.0  0.0  0.0  0.0  0.0  0.0  0.0  0.0  0.0  0.0  0.0  0.0  0.0  0.0  0.0  0.0  0.0  0.0  0.0  0.0  0.0  0.0  0.0  0.0  0.0  0.0  0.0  0.0  0.0  0.0  0.0  0.0  0.0  0.0  0.0  0.0  0.0  0.0  0.0  0.0  0.0  0.0  0.0  0.0  0.0  0.0  0.0  0.0  0.0  0.0  0.0  0.0  0.0  0.0  0.0  0.0  0.0  0.0  0.0  0.0  0.0  0.0  0.0  0.0  0.0  0.0  0.0  0.0  0.0  0.0  0.0  0.0  0.0  0.0  0.0  0.0  0.0  0.0  0.0  0.0  0.0  0.0  0.0
 81 |  0.0  0.0  0.0  0.0  0.0  0.0  0.0  0.0  0.0  0.0  0.0  0.0  0.0  0.0  0.0  0.0  0.0  0.0  0.0  0.0  0.0  0.0  0.0  0.0  0.0  0.0  0.0  0.0  0.0  0.0  0.0  0.0  0.0  0.0  0.0  0.0  0.0  0.0  0.0  0.0  0.0  0.0  0.0  0.0  0.0  0.0  0.0  0.0  0.0  0.0  0.0  0.0  0.0  0.0  0.0  0.0  0.0  0.0  0.0  0.0  0.0  0.0  0.0  0.0  0.0  0.0  0.0  0.0  0.0  0.0  0.0  0.0  0.0  0.0  0.0  0.0  0.0  0.0  0.0  0.0  0.0  0.0  0.0  0.0  0.0  0.0  0.0  0.0  0.0  0.0
 79 |  0.0  0.0  0.0  0.0  0.0  0.0  0.0  0.0  0.0  0.0  0.0  0.0  0.0  0.0  0.0  0.0  0.0  0.0  0.0  0.0  0.0  0.0  0.0  0.0  0.0  0.0  0.0  0.0  0.0  0.0  0.0  0.0  0.0  0.0  0.0  0.0  0.0  0.0  0.0  0.0  0.0  0.0  0.0  0.0  0.0  0.0  0.0  0.0  0.0  0.0  0.0  0.0  0.0  0.0  0.0  0.0  0.0  0.0  0.0  0.0  0.0  0.0  0.0  0.0  0.0  0.0  0.0  0.0  0.0  0.0  0.0  0.0  0.0  0.0  0.0  0.0  0.0  0.0  0.0  0.0  0.0  0.0  0.0  0.0  0.0  0.0  0.0  0.0  0.0  0.0
 77 |  0.0  0.0  0.0  0.0  0.0  0.0  0.0  0.0  0.0  0.0  0.0  0.0  0.0  0.0  0.0  0.0  0.0  0.0  0.0  0.0  0.0  0.0  0.0  0.0  0.0  0.0  0.0  0.0  0.0  0.0  0.0  0.0  0.0  0.0  0.0  0.0  0.0  0.0  0.0  0.0  0.0  0.0  0.0  0.0  0.0  0.0  0.0  0.0  0.0  0.0  0.0  0.0  0.0  0.0  0.0  0.0  0.0  0.0  0.0  0.0  0.0  0.0  0.0  0.0  0.0  0.0  0.0  0.0  0.0  0.0  0.0  0.0  0.0  0.0  0.0  0.0  0.0  0.0  0.0  0.0  0.0  0.0  0.0  0.0  0.0  0.0  0.0  0.0  0.0  0.0
 75 |  0.0  0.0  0.0  0.0  0.0  0.0  0.0  0.0  0.0  0.0  0.0  0.0  0.0  0.0  0.0  0.0  0.0  0.0  0.0  0.0  0.0  0.0  0.0  0.0  0.0  0.0  0.0  0.0  0.0  0.0  0.0  0.0  0.0  0.0  0.0  0.0  0.0  0.0  0.0  0.0  0.0  0.0  0.0  0.0  0.0  0.0  0.0  0.0  0.0  0.0  0.0  0.0  0.0  0.0  0.0  0.0  0.0  0.0  0.0  0.0  0.0  0.0  0.0  0.0  0.0  0.0  0.0  0.0  0.0  0.0  0.0  0.0  0.0  0.0  0.0  0.0  0.0  0.0  0.0  0.0  0.0  0.0  0.0  0.0  0.0  0.0  0.0  0.0  0.0  0.0
 73 |  0.0  0.0  0.0  0.0  0.0  0.0  0.0  0.0  0.0  0.0  0.0  0.0  0.0  0.0  0.0  0.0  0.0  0.0  0.0  0.0  0.0  0.0  0.0  0.0  0.0  0.0  0.0  0.0  0.0  0.0  0.0  0.0  0.0  0.0  0.0  0.0  0.0  0.0  0.0  0.0  0.0  0.0  0.0  0.0  0.0  0.0  0.0  0.0  0.0  0.0  0.0  0.0  0.0  0.0  0.0  0.0  0.0  0.0  0.0  0.0  0.0  0.0  0.0  0.0  0.0  0.0  0.0  0.0  0.0  0.0  0.0  0.0  0.0  0.0  0.0  0.0  0.0  0.0  0.0  0.0  0.0  0.0  0.0  0.0  0.0  0.0  0.0  0.0  0.0  0.0
 71 |  0.0  0.0  0.0  0.0  0.0  0.0  0.0  0.0  0.0  0.0  0.0  0.0  0.0  0.0  0.0  0.0  0.0  0.0  0.0  0.0  0.0  0.0  0.0  0.0  0.0  0.0  0.0  0.0  0.0  0.0  0.0  0.0  0.0  0.0  0.0  0.0  0.0  0.0  0.0  0.0  0.0  0.0  0.0  0.0  0.0  0.0  0.0  0.0  0.0  0.0  0.0  0.0  0.0  0.0  0.0  0.0  0.0  0.0  0.0  0.0  0.0  0.0  0.0  0.0  0.0  0.0  0.0  0.0  0.0  0.0  0.0  0.0  0.0  0.0  0.0  0.0  0.0  0.0  0.0  0.0  0.0  0.0  0.0  0.0  0.0  0.0  0.0  0.0  0.0  0.0
 69 |  0.0  0.0  0.0  0.0  0.0  0.0  0.0  0.0  0.0  0.0  0.0  0.0  0.0  0.0  0.0  0.0  0.0  0.0  0.0  0.0  0.0  0.0  0.0  0.0  0.0  0.0  0.0  0.0  0.0  0.0  0.0  0.0  0.0  0.0  0.0  0.0  0.0  0.0  0.0  0.0  0.0  0.0  0.0  0.0  0.0  0.0  0.0  0.0  0.0  0.0  0.0  0.0  0.0  0.0  0.0  0.0  0.0  0.0  0.0  0.0  0.0  0.0  0.0  0.0  0.0  0.0  0.0  0.0  0.0  0.0  0.0  0.0  0.0  0.0  0.0  0.0  0.0  0.0  0.0  0.0  0.0  0.0  0.0  0.0  0.0  0.0  0.0  0.0  0.0  0.0
 67 |  0.0  0.0  0.0  0.0  0.0  0.0  0.0  0.0  0.0  0.0  0.0  0.0  0.0  0.0  0.0  0.0  0.0  0.0  0.0  0.0  0.0  0.0  0.0  0.0  0.0  0.0  0.0  0.0  0.0  0.0  0.0  0.0  0.0  0.0  0.0  0.0  0.0  0.0  0.0  0.0  0.0  0.0  0.0  0.0  0.0  0.0  0.0  0.0  0.0  0.0  0.0  0.0  0.0  0.0  0.0  0.0  0.0  0.0  0.0  0.0  0.0  0.0  0.0  0.0  0.0  0.0  0.0  0.0  0.0  0.0  0.0  0.0  0.0  0.0  0.0  0.0  0.0  0.0  0.0  0.0  0.0  0.0  0.0  0.0  0.0  0.0  0.0  0.0  0.0  0.0
 65 |  0.0  0.0  0.0  0.0  0.0  0.0  0.0  0.0  0.0  0.0  0.0  0.0  0.0  0.0  0.0  0.0  0.0  0.0  0.0  0.0  0.0  0.0  0.0  0.0  0.0  0.0  0.0  0.0  0.0  0.0  0.0  0.0  0.0  0.0  0.0  0.0  0.0  0.0  0.0  0.0  0.0  0.0  0.0  0.0  0.0  0.0  0.0  0.0  0.0  0.0  0.0  0.0  0.0  0.0  0.0  0.0  0.0  0.0  0.0  0.0  0.0  0.0  0.0  0.0  0.0  0.0  0.0  0.0  0.0  0.0  0.0  0.0  0.0  0.0  0.0  0.0  0.0  0.0  0.0  0.1  0.1  0.2  0.2  0.2  0.2  0.2  0.2  0.1  0.1  0.0
 63 |  0.2  0.1  0.0  0.0  0.0  0.0  0.0  0.0  0.0  0.0  0.0  0.0  0.0  0.0  0.0  0.0  0.0  0.0  0.0  0.0  0.0  0.0  0.0  0.0  0.0  0.0  0.0  0.0  0.0  0.0  0.0  0.0  0.0  0.0  0.0  0.0  0.0  0.0  0.0  0.0  0.0  0.0  0.0  0.0  0.0  0.0  0.0  0.0  0.0  0.0  0.0  0.0  0.0  0.0  0.0  0.0  0.0  0.0  0.0  0.0  0.0  0.0  0.0  0.0  0.0  0.0  0.0  0.0  0.0  0.0  0.0  0.0  0.0  0.0  0.0  0.0  0.0  0.1  0.2  0.3  0.3  0.3  0.3  0.4  0.4  0.3  0.3  0.3  0.3  0.2
 61 |  0.3  0.3  0.2  0.1  0.0  0.0  0.0  0.0  0.0  0.0  0.0  0.0  0.0  0.0  0.0  0.0  0.0  0.0  0.0  0.0  0.0  0.0  0.0  0.0  0.0  0.0  0.0  0.0  0.0  0.0  0.0  0.0  0.0  0.0  0.0  0.0  0.0  0.0  0.0  0.0  0.0  0.0  0.0  0.0  0.0  0.0  0.0  0.0  0.0  0.0  0.0  0.0  0.0  0.0  0.0  0.0  0.0  0.0  0.0  0.0  0.0  0.0  0.0  0.0  0.0  0.0  0.0  0.0  0.0  0.0  0.0  0.0  0.0  0.0  0.0  0.1  0.2  0.3  0.4  0.4  0.4  0.5  0.5  0.5  0.5  0.5  0.5  0.5  0.4  0.4
 59 |  0.5  0.4  0.3  0.2  0.1  0.0  0.0  0.0  0.0  0.0  0.0  0.0  0.0  0.0  0.0  0.0  0.0  0.0  0.0  0.0  0.0  0.0  0.0  0.0  0.0  0.0  0.0  0.0  0.0  0.0  0.0  0.0  0.0  0.0  0.0  0.0  0.0  0.0  0.0  0.0  0.0  0.0  0.0  0.0  0.0  0.0  0.0  0.0  0.0  0.0  0.0  0.0  0.0  0.0  0.0  0.0  0.0  0.0  0.0  0.0  0.0  0.0  0.0  0.0  0.0  0.0  0.0  0.0  0.0  0.0  0.0  0.0  0.0  0.1  0.2  0.3  0.4  0.4  0.5  0.5  0.6  0.6  0.6  0.6  0.6  0.6  0.6  0.6  0.6  0.5
 57 |  0.6  0.5  0.4  0.4  0.3  0.1  0.0  0.0  0.0  0.0  0.0  0.0  0.0  0.0  0.0  0.0  0.0  0.0  0.0  0.0  0.0  0.0  0.0  0.0  0.0  0.0  0.0  0.0  0.0  0.0  0.0  0.0  0.0  0.0  0.0  0.0  0.0  0.0  0.0  0.0  0.0  0.0  0.0  0.0  0.0  0.0  0.0  0.0  0.0  0.0  0.0  0.0  0.0  0.0  0.0  0.0  0.0  0.0  0.0  0.0  0.0  0.0  0.0  0.0  0.0  0.0  0.0  0.0  0.0  0.0  0.0  0.0  0.1  0.2  0.3  0.4  0.5  0.6  0.6  0.7  0.7  0.7  0.7  0.7  0.7  0.7  0.7  0.7  0.7  0.6
 55 |  0.7  0.6  0.6  0.5  0.4  0.3  0.1  0.0  0.0  0.0  0.0  0.0  0.0  0.0  0.0  0.0  0.0  0.0  0.0  0.0  0.0  0.0  0.0  0.0  0.0  0.0  0.0  0.0  0.0  0.0  0.0  0.0  0.0  0.0  0.0  0.0  0.0  0.0  0.0  0.0  0.0  0.0  0.0  0.0  0.0  0.0  0.0  0.0  0.0  0.0  0.0  0.0  0.0  0.0  0.0  0.0  0.0  0.0  0.0  0.0  0.0  0.0  0.0  0.0  0.0  0.0  0.0  0.0  0.0  0.0  0.0  0.1  0.2  0.3  0.4  0.5  0.6  0.7  0.7  0.8  0.8  0.8  0.9  0.9  0.9  0.9  0.8  0.8  0.8  0.7
 53 |  0.8  0.7  0.7  0.6  0.5  0.4  0.3  0.1  0.0  0.0  0.0  0.0  0.0  0.0  0.0  0.0  0.0  0.0  0.0  0.0  0.0  0.0  0.0  0.0  0.0  0.0  0.0  0.0  0.0  0.0  0.0  0.0  0.0  0.0  0.0  0.0  0.0  0.0  0.0  0.0  0.0  0.0  0.0  0.0  0.0  0.0  0.0  0.0  0.0  0.0  0.0  0.0  0.0  0.0  0.0  0.0  0.0  0.0  0.0  0.0  0.0  0.0  0.0  0.0  0.0  0.0  0.0  0.0  0.0  0.0  0.0  0.2  0.3  0.5  0.6  0.6  0.7  0.8  0.8  0.9  0.9  0.9  0.9  1.0  1.0  1.0  0.9  0.9  0.9  0.9
 51 |  0.9  0.8  0.8  0.7  0.6  0.5  0.4  0.2  0.0  0.0  0.0  0.0  0.0  0.0  0.0  0.0  0.0  0.0  0.0  0.0  0.0  0.0  0.0  0.0  0.0  0.0  0.0  0.0  0.0  0.0  0.0  0.0  0.0  0.0  0.0  0.0  0.0  0.0  0.0  0.0  0.0  0.0  0.0  0.0  0.0  0.0  0.0  0.0  0.0  0.0  0.0  0.0  0.0  0.0  0.0  0.0  0.0  0.0  0.0  0.0  0.0  0.0  0.0  0.0  0.0  0.0  0.0  0.0  0.0  0.0  0.2  0.3  0.5  0.6  0.7  0.7  0.8  0.9  0.9  1.0  1.0  1.0  1.0  1.1  1.1  1.1  1.0  1.0  1.0  0.9
 49 |  1.0  0.9  0.9  0.8  0.7  0.6  0.5  0.3  0.2  0.0  0.0  0.0  0.0  0.0  0.0  0.0  0.0  0.0  0.0  0.0  0.0  0.0  0.0  0.0  0.0  0.0  0.0  0.0  0.0  0.0  0.0  0.0  0.0  0.0  0.0  0.0  0.0  0.0  0.0  0.0  0.0  0.0  0.0  0.0  0.0  0.0  0.0  0.0  0.0  0.0  0.0  0.0  0.0  0.0  0.0  0.0  0.0  0.0  0.0  0.0  0.0  0.0  0.0  0.0  0.0  0.0  0.0  0.0  0.0  0.1  0.3  0.4  0.6  0.7  0.8  0.8  0.9  1.0  1.0  1.1  1.1  1.1  1.2  1.2  1.2  1.2  1.2  1.1  1.1  1.0
 47 |  1.1  1.0  1.0  0.9  0.8  0.7  0.6  0.4  0.3  0.1  0.0  0.0  0.0  0.0  0.0  0.0  0.0  0.0  0.0  0.0  0.0  0.0  0.0  0.0  0.0  0.0  0.0  0.0  0.0  0.0  0.0  0.0  0.0  0.0  0.0  0.0  0.0  0.0  0.0  0.0  0.0  0.0  0.0  0.0  0.0  0.0  0.0  0.0  0.0  0.0  0.0  0.0  0.0  0.0  0.0  0.0  0.0  0.0  0.0  0.0  0.0  0.0  0.0  0.0  0.0  0.0  0.0  0.0  0.0  0.2  0.4  0.5  0.6  0.8  0.9  0.9  1.0  1.1  1.1  1.2  1.2  1.2  1.2  1.3  1.3  1.2  1.2  1.2  1.2  1.1
 45 |  1.2  1.1  1.0  1.0  0.9  0.8  0.7  0.5  0.4  0.2  0.0  0.0  0.0  0.0  0.0  0.0  0.0  0.0  0.0  0.0  0.0  0.0  0.0  0.0  0.0  0.0  0.0  0.0  0.0  0.0  0.0  0.0  0.0  0.0  0.0  0.0  0.0  0.0  0.0  0.0  0.0  0.0  0.0  0.0  0.0  0.0  0.0  0.0  0.0  0.0  0.0  0.0  0.0  0.0  0.0  0.0  0.0  0.0  0.0  0.0  0.0  0.0  0.0  0.0  0.0  0.0  0.0  0.0  0.1  0.3  0.5  0.6  0.7  0.8  0.9  1.0  1.1  1.2  1.2  1.3  1.3  1.3  1.3  1.4  1.4  1.3  1.3  1.3  1.3  1.2
 43 |  1.3  1.2  1.1  1.0  1.0  0.9  0.7  0.6  0.5  0.3  0.1  0.0  0.0  0.0  0.0  0.0  0.0  0.0  0.0  0.0  0.0  0.0  0.0  0.0  0.0  0.0  0.0  0.0  0.0  0.0  0.0  0.0  0.0  0.0  0.0  0.0  0.0  0.0  0.0  0.0  0.0  0.0  0.0  0.0  0.0  0.0  0.0  0.0  0.0  0.0  0.0  0.0  0.0  0.0  0.0  0.0  0.0  0.0  0.0  0.0  0.0  0.0  0.0  0.0  0.0  0.0  0.0  0.0  0.2  0.4  0.6  0.7  0.8  0.9  1.0  1.1  1.2  1.2  1.3  1.3  1.4  1.4  1.4  1.4  1.4  1.4  1.4  1.4  1.4  1.3
 41 |  1.3  1.3  1.2  1.1  1.0  0.9  0.8  0.7  0.6  0.4  0.2  0.0  0.0  0.0  0.0  0.0  0.0  0.0  0.0  0.0  0.0  0.0  0.0  0.0  0.0  0.0  0.0  0.0  0.0  0.0  0.0  0.0  0.0  0.0  0.0  0.0  0.0  0.0  0.0  0.0  0.0  0.0  0.0  0.0  0.0  0.0  0.0  0.0  0.0  0.0  0.0  0.0  0.0  0.0  0.0  0.0  0.0  0.0  0.0  0.0  0.0  0.0  0.0  0.0  0.0  0.0  0.0  0.1  0.3  0.5  0.7  0.8  0.9  1.0  1.1  1.2  1.3  1.3  1.4  1.4  1.5  1.5  1.5  1.5  1.5  1.5  1.5  1.5  1.4  1.4
 39 |  1.4  1.4  1.3  1.2  1.1  1.0  0.9  0.8  0.6  0.5  0.3  0.0  0.0  0.0  0.0  0.0  0.0  0.0  0.0  0.0  0.0  0.0  0.0  0.0  0.0  0.0  0.0  0.0  0.0  0.0  0.0  0.0  0.0  0.0  0.0  0.0  0.0  0.0  0.0  0.0  0.0  0.0  0.0  0.0  0.0  0.0  0.0  0.0  0.0  0.0  0.0  0.0  0.0  0.0  0.0  0.0  0.0  0.0  0.0  0.0  0.0  0.0  0.0  0.0  0.0  0.0  0.0  0.2  0.4  0.6  0.7  0.9  1.0  1.1  1.2  1.3  1.3  1.4  1.5  1.5  1.5  1.6  1.6  1.6  1.6  1.6  1.6  1.6  1.5  1.5
 37 |  1.5  1.4  1.4  1.3  1.2  1.1  1.0  0.9  0.7  0.6  0.4  0.2  0.0  0.0  0.0  0.0  0.0  0.0  0.0  0.0  0.0  0.0  0.0  0.0  0.0  0.0  0.0  0.0  0.0  0.0  0.0  0.0  0.0  0.0  0.0  0.0  0.0  0.0  0.0  0.0  0.0  0.0  0.0  0.0  0.0  0.0  0.0  0.0  0.0  0.0  0.0  0.0  0.0  0.0  0.0  0.0  0.0  0.0  0.0  0.0  0.0  0.0  0.0  0.0  0.0  0.0  0.0  0.3  0.5  0.7  0.8  0.9  1.0  1.2  1.2  1.3  1.4  1.5  1.5  1.6  1.6  1.6  1.7  1.7  1.7  1.7  1.7  1.6  1.6  1.5
 35 |  1.6  1.5  1.4  1.4  1.3  1.2  1.0  0.9  0.8  0.6  0.5  0.2  0.0  0.0  0.0  0.0  0.0  0.0  0.0  0.0  0.0  0.0  0.0  0.0  0.0  0.0  0.0  0.0  0.0  0.0  0.0  0.0  0.0  0.0  0.0  0.0  0.0  0.0  0.0  0.0  0.0  0.0  0.0  0.0  0.0  0.0  0.0  0.0  0.0  0.0  0.0  0.0  0.0  0.0  0.0  0.0  0.0  0.0  0.0  0.0  0.0  0.0  0.0  0.0  0.0  0.0  0.1  0.4  0.6  0.7  0.9  1.0  1.1  1.2  1.3  1.4  1.5  1.5  1.6  1.7  1.7  1.7  1.7  1.8  1.8  1.8  1.7  1.7  1.7  1.6
 33 |  1.6  1.6  1.5  1.4  1.3  1.2  1.1  1.0  0.9  0.7  0.5  0.3  0.1  0.0  0.0  0.0  0.0  0.0  0.0  0.0  0.0  0.0  0.0  0.0  0.0  0.0  0.0  0.0  0.0  0.0  0.0  0.0  0.0  0.0  0.0  0.0  0.0  0.0  0.0  0.0  0.0  0.0  0.0  0.0  0.0  0.0  0.0  0.0  0.0  0.0  0.0  0.0  0.0  0.0  0.0  0.0  0.0  0.0  0.0  0.0  0.0  0.0  0.0  0.0  0.0  0.0  0.2  0.5  0.6  0.8  0.9  1.1  1.2  1.3  1.4  1.5  1.6  1.6  1.7  1.7  1.8  1.8  1.8  1.8  1.8  1.8  1.8  1.8  1.7  1.7
 31 |  1.7  1.6  1.6  1.5  1.4  1.3  1.2  1.1  0.9  0.8  0.6  0.4  0.2  0.0  0.0  0.0  0.0  0.0  0.0  0.0  0.0  0.0  0.0  0.0  0.0  0.0  0.0  0.0  0.0  0.0  0.0  0.0  0.0  0.0  0.0  0.0  0.0  0.0  0.0  0.0  0.0  0.0  0.0  0.0  0.0  0.0  0.0  0.0  0.0  0.0  0.0  0.0  0.0  0.0  0.0  0.0  0.0  0.0  0.0  0.0  0.0  0.0  0.0  0.0  0.0  0.0  0.3  0.5  0.7  0.9  1.0  1.2  1.3  1.4  1.5  1.5  1.6  1.7  1.8  1.8  1.8  1.9  1.9  1.9  1.9  1.9  1.9  1.9  1.8  1.8
 29 |  1.8  1.7  1.6  1.6  1.5  1.4  1.2  1.1  1.0  0.8  0.7  0.5  0.2  0.0  0.0  0.0  0.0  0.0  0.0  0.0  0.0  0.0  0.0  0.0  0.0  0.0  0.0  0.0  0.0  0.0  0.0  0.0  0.0  0.0  0.0  0.0  0.0  0.0  0.0  0.0  0.0  0.0  0.0  0.0  0.0  0.0  0.0  0.0  0.0  0.0  0.0  0.0  0.0  0.0  0.0  0.0  0.0  0.0  0.0  0.0  0.0  0.0  0.0  0.0  0.0  0.1  0.4  0.6  0.8  0.9  1.1  1.2  1.3  1.4  1.5  1.6  1.7  1.8  1.8  1.9  1.9  1.9  2.0  2.0  2.0  2.0  1.9  1.9  1.9  1.8
 27 |  1.9  1.8  1.7  1.6  1.5  1.4  1.3  1.2  1.0  0.9  0.7  0.6  0.3  0.0  0.0  0.0  0.0  0.0  0.0  0.0  0.0  0.0  0.0  0.0  0.0  0.0  0.0  0.0  0.0  0.0  0.0  0.0  0.0  0.0  0.0  0.0  0.0  0.0  0.0  0.0  0.0  0.0  0.0  0.0  0.0  0.0  0.0  0.0  0.0  0.0  0.0  0.0  0.0  0.0  0.0  0.0  0.0  0.0  0.0  0.0  0.0  0.0  0.0  0.0  0.0  0.2  0.5  0.7  0.8  1.0  1.1  1.3  1.4  1.5  1.6  1.7  1.8  1.8  1.9  1.9  2.0  2.0  2.0  2.0  2.0  2.0  2.0  2.0  1.9  1.9
 25 |  1.9  1.9  1.8  1.7  1.6  1.5  1.4  1.2  1.1  1.0  0.8  0.6  0.4  0.1  0.0  0.0  0.0  0.0  0.0  0.0  0.0  0.0  0.0  0.0  0.0  0.0  0.0  0.0  0.0  0.0  0.0  0.0  0.0  0.0  0.0  0.0  0.0  0.0  0.0  0.0  0.0  0.0  0.0  0.0  0.0  0.0  0.0  0.0  0.0  0.0  0.0  0.0  0.0  0.0  0.0  0.0  0.0  0.0  0.0  0.0  0.0  0.0  0.0  0.0  0.0  0.3  0.5  0.7  0.9  1.0  1.2  1.3  1.4  1.5  1.6  1.7  1.8  1.9  1.9  2.0  2.0  2.1  2.1  2.1  2.1  2.1  2.1  2.1  2.0  2.0
 23 |  2.0  1.9  1.8  1.7  1.6  1.5  1.4  1.3  1.2  1.0  0.9  0.7  0.5  0.2  0.0  0.0  0.0  0.0  0.0  0.0  0.0  0.0  0.0  0.0  0.0  0.0  0.0  0.0  0.0  0.0  0.0  0.0  0.0  0.0  0.0  0.0  0.0  0.0  0.0  0.0  0.0  0.0  0.0  0.0  0.0  0.0  0.0  0.0  0.0  0.0  0.0  0.0  0.0  0.0  0.0  0.0  0.0  0.0  0.0  0.0  0.0  0.0  0.0  0.0  0.1  0.4  0.6  0.8  1.0  1.1  1.2  1.4  1.5  1.6  1.7  1.8  1.9  1.9  2.0  2.1  2.1  2.1  2.2  2.2  2.2  2.2  2.1  2.1  2.1  2.0
 21 |  2.0  2.0  1.9  1.8  1.7  1.6  1.5  1.4  1.2  1.1  0.9  0.7  0.5  0.3  0.0  0.0  0.0  0.0  0.0  0.0  0.0  0.0  0.0  0.0  0.0  0.0  0.0  0.0  0.0  0.0  0.0  0.0  0.0  0.0  0.0  0.0  0.0  0.0  0.0  0.0  0.0  0.0  0.0  0.0  0.0  0.0  0.0  0.0  0.0  0.0  0.0  0.0  0.0  0.0  0.0  0.0  0.0  0.0  0.0  0.0  0.0  0.0  0.0  0.0  0.2  0.4  0.7  0.8  1.0  1.2  1.3  1.4  1.6  1.7  1.8  1.9  1.9  2.0  2.1  2.1  2.2  2.2  2.2  2.2  2.3  2.2  2.2  2.2  2.1  2.1
 19 |  2.1  2.0  1.9  1.9  1.8  1.6  1.5  1.4  1.3  1.1  1.0  0.8  0.6  0.4  0.0  0.0  0.0  0.0  0.0  0.0  0.0  0.0  0.0  0.0  0.0  0.0  0.0  0.0  0.0  0.0  0.0  0.0  0.0  0.0  0.0  0.0  0.0  0.0  0.0  0.0  0.0  0.0  0.0  0.0  0.0  0.0  0.0  0.0  0.0  0.0  0.0  0.0  0.0  0.0  0.0  0.0  0.0  0.0  0.0  0.0  0.0  0.0  0.0  0.0  0.3  0.5  0.7  0.9  1.1  1.2  1.4  1.5  1.6  1.7  1.8  1.9  2.0  2.1  2.1  2.2  2.2  2.3  2.3  2.3  2.3  2.3  2.3  2.3  2.2  2.1
 17 |  2.1  2.1  2.0  1.9  1.8  1.7  1.6  1.5  1.3  1.2  1.0  0.8  0.6  0.4  0.1  0.0  0.0  0.0  0.0  0.0  0.0  0.0  0.0  0.0  0.0  0.0  0.0  0.0  0.0  0.0  0.0  0.0  0.0  0.0  0.0  0.0  0.0  0.0  0.0  0.0  0.0  0.0  0.0  0.0  0.0  0.0  0.0  0.0  0.0  0.0  0.0  0.0  0.0  0.0  0.0  0.0  0.0  0.0  0.0  0.0  0.0  0.0  0.0  0.0  0.3  0.6  0.8  0.9  1.1  1.3  1.4  1.5  1.7  1.8  1.9  2.0  2.1  2.1  2.2  2.3  2.3  2.3  2.3  2.3  2.3  2.3  2.3  2.3  2.3  2.2
 15 |  2.2  2.1  2.1  2.0  1.9  1.8  1.6  1.5  1.4  1.2  1.1  0.9  0.7  0.5  0.2  0.0  0.0  0.0  0.0  0.0  0.0  0.0  0.0  0.0  0.0  0.0  0.0  0.0  0.0  0.0  0.0  0.0  0.0  0.0  0.0  0.0  0.0  0.0  0.0  0.0  0.0  0.0  0.0  0.0  0.0  0.0  0.0  0.0  0.0  0.0  0.0  0.0  0.0  0.0  0.0  0.0  0.0  0.0  0.0  0.0  0.0  0.0  0.0  0.1  0.4  0.6  0.8  1.0  1.2  1.3  1.5  1.6  1.7  1.8  1.9  2.0  2.1  2.2  2.3  2.3  2.3  2.3  2.4  2.4  2.4  2.4  2.3  2.3  2.3  2.3
 13 |  2.3  2.2  2.1  2.0  1.9  1.8  1.7  1.6  1.4  1.3  1.1  0.9  0.8  0.6  0.3  0.0  0.0  0.0  0.0  0.0  0.0  0.0  0.0  0.0  0.0  0.0  0.0  0.0  0.0  0.0  0.0  0.0  0.0  0.0  0.0  0.0  0.0  0.0  0.0  0.0  0.0  0.0  0.0  0.0  0.0  0.0  0.0  0.0  0.0  0.0  0.0  0.0  0.0  0.0  0.0  0.0  0.0  0.0  0.0  0.0  0.0  0.0  0.0  0.2  0.5  0.7  0.9  1.0  1.2  1.4  1.5  1.6  1.8  1.9  2.0  2.1  2.1  2.2  2.3  2.3  2.4  2.4  2.4  2.4  2.4  2.4  2.4  2.4  2.3  2.3
 11 |  2.3  2.2  2.1  2.1  2.0  1.9  1.7  1.6  1.5  1.3  1.2  1.0  0.8  0.6  0.4  0.0  0.0  0.0  0.0  0.0  0.0  0.0  0.0  0.0  0.0  0.0  0.0  0.0  0.0  0.0  0.0  0.0  0.0  0.0  0.0  0.0  0.0  0.0  0.0  0.0  0.0  0.0  0.0  0.0  0.0  0.0  0.0  0.0  0.0  0.0  0.0  0.0  0.0  0.0  0.0  0.0  0.0  0.0  0.0  0.0  0.0  0.0  0.0  0.2  0.5  0.7  0.9  1.1  1.3  1.4  1.6  1.7  1.8  1.9  2.0  2.1  2.2  2.3  2.3  2.4  2.4  2.4  2.4  2.4  2.4  2.4  2.4  2.4  2.4  2.3
  9 |  2.3  2.3  2.2  2.1  2.0  1.9  1.8  1.6  1.5  1.4  1.2  1.0  0.9  0.7  0.4  0.1  0.0  0.0  0.0  0.0  0.0  0.0  0.0  0.0  0.0  0.0  0.0  0.0  0.0  0.0  0.0  0.0  0.0  0.0  0.0  0.0  0.0  0.0  0.0  0.0  0.0  0.0  0.0  0.0  0.0  0.0  0.0  0.0  0.0  0.0  0.0  0.0  0.0  0.0  0.0  0.0  0.0  0.0  0.0  0.0  0.0  0.0  0.0  0.3  0.6  0.8  1.0  1.2  1.3  1.5  1.6  1.7  1.9  2.0  2.1  2.2  2.3  2.3  2.3  2.4  2.4  2.4  2.6  2.6  2.6  2.6  2.4  2.4  2.4  2.4
  7 |  2.4  2.3  2.2  2.1  2.0  1.9  1.8  1.7  1.6  1.4  1.3  1.1  0.9  0.7  0.5  0.2  0.0  0.0  0.0  0.0  0.0  0.0  0.0  0.0  0.0  0.0  0.0  0.0  0.0  0.0  0.0  0.0  0.0  0.0  0.0  0.0  0.0  0.0  0.0  0.0  0.0  0.0  0.0  0.0  0.0  0.0  0.0  0.0  0.0  0.0  0.0  0.0  0.0  0.0  0.0  0.0  0.0  0.0  0.0  0.0  0.0  0.0  0.0  0.4  0.6  0.8  1.0  1.2  1.4  1.5  1.6  1.8  1.9  2.0  2.1  2.2  2.3  2.3  2.4  2.4  2.4  2.6  2.6  2.6  2.6  2.6  2.6  2.6  2.4  2.4
  5 |  2.4  2.3  2.3  2.2  2.1  2.0  1.9  1.7  1.6  1.5  1.3  1.1  0.9  0.8  0.5  0.3  0.0  0.0  0.0  0.0  0.0  0.0  0.0  0.0  0.0  0.0  0.0  0.0  0.0  0.0  0.0  0.0  0.0  0.0  0.0  0.0  0.0  0.0  0.0  0.0  0.0  0.0  0.0  0.0  0.0  0.0  0.0  0.0  0.0  0.0  0.0  0.0  0.0  0.0  0.0  0.0  0.0  0.0  0.0  0.0  0.0  0.0  0.1  0.4  0.7  0.9  1.1  1.2  1.4  1.5  1.7  1.8  1.9  2.0  2.1  2.3  2.3  2.4  2.4  2.4  2.6  2.6  2.6  2.6  2.6  2.6  2.6  2.6  2.6  2.4
  3 |  2.4  2.4  2.3  2.2  2.1  2.0  1.9  1.8  1.6  1.5  1.3  1.2  1.0  0.8  0.6  0.3  0.0  0.0  0.0  0.0  0.0  0.0  0.0  0.0  0.0  0.0  0.0  0.0  0.0  0.0  0.0  0.0  0.0  0.0  0.0  0.0  0.0  0.0  0.0  0.0  0.0  0.0  0.0  0.0  0.0  0.0  0.0  0.0  0.0  0.0  0.0  0.0  0.0  0.0  0.0  0.0  0.0  0.0  0.0  0.0  0.0  0.0  0.2  0.5  0.7  0.9  1.1  1.3  1.4  1.6  1.7  1.9  2.0  2.1  2.2  2.3  2.3  2.4  2.4  2.6  2.6  2.6  2.6  2.7  2.7  2.6  2.6  2.6  2.6  2.6
  1 |  2.4  2.4  2.3  2.3  2.2  2.1  1.9  1.8  1.7  1.5  1.4  1.2  1.0  0.8  0.6  0.4  0.1  0.0  0.0  0.0  0.0  0.0  0.0  0.0  0.0  0.0  0.0  0.0  0.0  0.0  0.0  0.0  0.0  0.0  0.0  0.0  0.0  0.0  0.0  0.0  0.0  0.0  0.0  0.0  0.0  0.0  0.0  0.0  0.0  0.0  0.0  0.0  0.0  0.0  0.0  0.0  0.0  0.0  0.0  0.0  0.0  0.0  0.3  0.6  0.8  1.0  1.2  1.3  1.5  1.6  1.8  1.9  2.0  2.1  2.2  2.3  2.4  2.4  2.6  2.6  2.6  2.7  2.7  2.7  2.7  2.7  2.7  2.6  2.6  2.6
 -1 |  2.6  2.4  2.4  2.3  2.2  2.1  2.0  1.8  1.7  1.6  1.4  1.2  1.1  0.9  0.7  0.4  0.1  0.0  0.0  0.0  0.0  0.0  0.0  0.0  0.0  0.0  0.0  0.0  0.0  0.0  0.0  0.0  0.0  0.0  0.0  0.0  0.0  0.0  0.0  0.0  0.0  0.0  0.0  0.0  0.0  0.0  0.0  0.0  0.0  0.0  0.0  0.0  0.0  0.0  0.0  0.0  0.0  0.0  0.0  0.0  0.0  0.0  0.3  0.6  0.8  1.0  1.2  1.4  1.5  1.7  1.8  1.9  2.0  2.2  2.3  2.3  2.4  2.4  2.6  2.6  2.7  2.7  2.7  2.7  2.7  2.7  2.7  2.7  2.6  2.6
 -3 |  2.6  2.4  2.4  2.3  2.2  2.1  2.0  1.9  1.7  1.6  1.4  1.3  1.1  0.9  0.7  0.5  0.2  0.0  0.0  0.0  0.0  0.0  0.0  0.0  0.0  0.0  0.0  0.0  0.0  0.0  0.0  0.0  0.0  0.0  0.0  0.0  0.0  0.0  0.0  0.0  0.0  0.0  0.0  0.0  0.0  0.0  0.0  0.0  0.0  0.0  0.0  0.0  0.0  0.0  0.0  0.0  0.0  0.0  0.0  0.0  0.0  0.1  0.4  0.6  0.9  1.0  1.2  1.4  1.5  1.7  1.8  2.0  2.1  2.2  2.3  2.4  2.4  2.6  2.6  2.6  2.7  2.7  2.7  2.7  2.7  2.7  2.7  2.7  2.7  2.6
 -5 |  2.6  2.4  2.4  2.3  2.3  2.1  2.0  1.9  1.8  1.6  1.5  1.3  1.2  1.0  0.8  0.6  0.3  0.0  0.0  0.0  0.0  0.0  0.0  0.0  0.0  0.0  0.0  0.0  0.0  0.0  0.0  0.0  0.0  0.0  0.0  0.0  0.0  0.0  0.0  0.0  0.0  0.0  0.0  0.0  0.0  0.0  0.0  0.0  0.0  0.0  0.0  0.0  0.0  0.0  0.0  0.0  0.0  0.0  0.0  0.0  0.0  0.2  0.5  0.7  0.9  1.1  1.3  1.4  1.6  1.7  1.9  2.0  2.1  2.2  2.3  2.4  2.4  2.6  2.6  2.7  2.7  2.7  2.7  2.7  2.7  2.7  2.7  2.7  2.7  2.6
 -7 |  2.6  2.6  2.4  2.3  2.3  2.2  2.1  1.9  1.8  1.7  1.5  1.4  1.2  1.0  0.8  0.6  0.3  0.0  0.0  0.0  0.0  0.0  0.0  0.0  0.0  0.0  0.0  0.0  0.0  0.0  0.0  0.0  0.0  0.0  0.0  0.0  0.0  0.0  0.0  0.0  0.0  0.0  0.0  0.0  0.0  0.0  0.0  0.0  0.0  0.0  0.0  0.0  0.0  0.0  0.0  0.0  0.0  0.0  0.0  0.0  0.0  0.2  0.5  0.7  0.9  1.1  1.3  1.5  1.6  1.8  1.9  2.0  2.1  2.3  2.3  2.4  2.4  2.6  2.6  2.7  2.7  2.7  2.8  2.8  2.8  2.8  2.7  2.7  2.7  2.7
 -9 |  2.6  2.6  2.4  2.4  2.3  2.2  2.1  2.0  1.8  1.7  1.5  1.4  1.2  1.0  0.9  0.6  0.4  0.1  0.0  0.0  0.0  0.0  0.0  0.0  0.0  0.0  0.0  0.0  0.0  0.0  0.0  0.0  0.0  0.0  0.0  0.0  0.0  0.0  0.0  0.0  0.0  0.0  0.0  0.0  0.0  0.0  0.0  0.0  0.0  0.0  0.0  0.0  0.0  0.0  0.0  0.0  0.0  0.0  0.0  0.0  0.0  0.3  0.6  0.8  1.0  1.2  1.3  1.5  1.6  1.8  1.9  2.0  2.2  2.3  2.3  2.4  2.6  2.6  2.7  2.7  2.7  2.8  2.8  2.8  2.8  2.8  2.8  2.7  2.7  2.7
-11 |  2.6  2.6  2.4  2.4  2.3  2.2  2.1  2.0  1.9  1.7  1.6  1.4  1.3  1.1  0.9  0.7  0.5  0.2  0.0  0.0  0.0  0.0  0.0  0.0  0.0  0.0  0.0  0.0  0.0  0.0  0.0  0.0  0.0  0.0  0.0  0.0  0.0  0.0  0.0  0.0  0.0  0.0  0.0  0.0  0.0  0.0  0.0  0.0  0.0  0.0  0.0  0.0  0.0  0.0  0.0  0.0  0.0  0.0  0.0  0.0  0.0  0.4  0.6  0.8  1.0  1.2  1.4  1.5  1.7  1.8  1.9  2.1  2.2  2.3  2.4  2.4  2.6  2.6  2.7  2.7  2.7  2.8  2.8  2.8  2.8  2.8  2.8  2.8  2.7  2.7
-13 |  2.7  2.6  2.6  2.4  2.3  2.3  2.1  2.0  1.9  1.7  1.6  1.5  1.3  1.1  0.9  0.7  0.5  0.3  0.0  0.0  0.0  0.0  0.0  0.0  0.0  0.0  0.0  0.0  0.0  0.0  0.0  0.0  0.0  0.0  0.0  0.0  0.0  0.0  0.0  0.0  0.0  0.0  0.0  0.0  0.0  0.0  0.0  0.0  0.0  0.0  0.0  0.0  0.0  0.0  0.0  0.0  0.0  0.0  0.0  0.0  0.1  0.4  0.7  0.9  1.0  1.2  1.4  1.5  1.7  1.8  2.0  2.1  2.2  2.3  2.4  2.4  2.6  2.6  2.7  2.7  2.8  2.8  2.8  2.8  2.8  2.8  2.8  2.8  2.7  2.7
-15 |  2.7  2.6  2.6  2.4  2.3  2.3  2.2  2.0  1.9  1.8  1.6  1.5  1.3  1.2  1.0  0.8  0.6  0.3  0.0  0.0  0.0  0.0  0.0  0.0  0.0  0.0  0.0  0.0  0.0  0.0  0.0  0.0  0.0  0.0  0.0  0.0  0.0  0.0  0.0  0.0  0.0  0.0  0.0  0.0  0.0  0.0  0.0  0.0  0.0  0.0  0.0  0.0  0.0  0.0  0.0  0.0  0.0  0.0  0.0  0.0  0.2  0.5  0.7  0.9  1.1  1.3  1.4  1.6  1.7  1.9  2.0  2.1  2.2  2.3  2.4  2.4  2.6  2.7  2.7  2.7  2.8  2.8  2.8  2.8  2.8  2.8  2.8  2.8  2.7  2.7
-17 |  2.7  2.6  2.6  2.4  2.4  2.3  2.2  2.1  1.9  1.8  1.7  1.5  1.4  1.2  1.0  0.8  0.6  0.4  0.1  0.0  0.0  0.0  0.0  0.0  0.0  0.0  0.0  0.0  0.0  0.0  0.0  0.0  0.0  0.0  0.0  0.0  0.0  0.0  0.0  0.0  0.0  0.0  0.0  0.0  0.0  0.0  0.0  0.0  0.0  0.0  0.0  0.0  0.0  0.0  0.0  0.0  0.0  0.0  0.0  0.0  0.3  0.5  0.7  0.9  1.1  1.3  1.5  1.6  1.7  1.9  2.0  2.1  2.3  2.3  2.4  2.6  2.6  2.7  2.7  2.7  2.8  2.8  2.8  2.8  2.8  2.8  2.8  2.8  2.8  2.7
-19 |  2.7  2.6  2.6  2.4  2.4  2.3  2.2  2.1  1.9  1.8  1.7  1.5  1.4  1.2  1.0  0.9  0.7  0.4  0.2  0.0  0.0  0.0  0.0  0.0  0.0  0.0  0.0  0.0  0.0  0.0  0.0  0.0  0.0  0.0  0.0  0.0  0.0  0.0  0.0  0.0  0.0  0.0  0.0  0.0  0.0  0.0  0.0  0.0  0.0  0.0  0.0  0.0  0.0  0.0  0.0  0.0  0.0  0.0  0.0  0.0  0.3  0.6  0.8  1.0  1.2  1.3  1.5  1.6  1.8  1.9  2.0  2.1  2.3  2.3  2.4  2.6  2.6  2.7  2.7  2.8  2.8  2.8  2.8  2.8  2.8  2.8  2.8  2.8  2.8  2.7
-21 |  2.7  2.6  2.6  2.4  2.4  2.3  2.2  2.1  2.0  1.8  1.7  1.6  1.4  1.2  1.1  0.9  0.7  0.5  0.2  0.0  0.0  0.0  0.0  0.0  0.0  0.0  0.0  0.0  0.0  0.0  0.0  0.0  0.0  0.0  0.0  0.0  0.0  0.0  0.0  0.0  0.0  0.0  0.0  0.0  0.0  0.0  0.0  0.0  0.0  0.0  0.0  0.0  0.0  0.0  0.0  0.0  0.0  0.0  0.0  0.1  0.4  0.6  0.8  1.0  1.2  1.4  1.5  1.6  1.8  1.9  2.0  2.2  2.3  2.3  2.4  2.6  2.6  2.7  2.7  2.8  2.8  2.8  2.8  2.8  2.8  2.8  2.8  2.8  2.8  2.7
-23 |  2.7  2.7  2.6  2.4  2.4  2.3  2.2  2.1  2.0  1.9  1.7  1.6  1.4  1.3  1.1  0.9  0.7  0.6  0.3  0.0  0.0  0.0  0.0  0.0  0.0  0.0  0.0  0.0  0.0  0.0  0.0  0.0  0.0  0.0  0.0  0.0  0.0  0.0  0.0  0.0  0.0  0.0  0.0  0.0  0.0  0.0  0.0  0.0  0.0  0.0  0.0  0.0  0.0  0.0  0.0  0.0  0.0  0.0  0.0  0.2  0.5  0.7  0.9  1.0  1.2  1.4  1.5  1.7  1.8  1.9  2.1  2.2  2.3  2.4  2.4  2.6  2.6  2.7  2.7  2.8  2.8  2.8  2.8  2.8  2.8  2.8  2.8  2.8  2.8  2.7
-25 |  2.7  2.7  2.6  2.4  2.4  2.3  2.2  2.1  2.0  1.9  1.7  1.6  1.5  1.3  1.2  1.0  0.8  0.6  0.4  0.1  0.0  0.0  0.0  0.0  0.0  0.0  0.0  0.0  0.0  0.0  0.0  0.0  0.0  0.0  0.0  0.0  0.0  0.0  0.0  0.0  0.0  0.0  0.0  0.0  0.0  0.0  0.0  0.0  0.0  0.0  0.0  0.0  0.0  0.0  0.0  0.0  0.0  0.0  0.0  0.3  0.5  0.7  0.9  1.1  1.2  1.4  1.5  1.7  1.8  1.9  2.1  2.2  2.3  2.4  2.4  2.6  2.6  2.7  2.7  2.8  2.8  2.8  2.8  2.8  2.8  2.8  2.8  2.8  2.8  2.7
-27 |  2.7  2.7  2.6  2.4  2.4  2.3  2.3  2.1  2.0  1.9  1.8  1.6  1.5  1.3  1.2  1.0  0.8  0.6  0.4  0.2  0.0  0.0  0.0  0.0  0.0  0.0  0.0  0.0  0.0  0.0  0.0  0.0  0.0  0.0  0.0  0.0  0.0  0.0  0.0  0.0  0.0  0.0  0.0  0.0  0.0  0.0  0.0  0.0  0.0  0.0  0.0  0.0  0.0  0.0  0.0  0.0  0.0  0.0  0.0  0.3  0.6  0.8  0.9  1.1  1.3  1.4  1.6  1.7  1.8  2.0  2.1  2.2  2.3  2.4  2.4  2.6  2.6  2.7  2.7  2.8  2.8  2.8  2.8  2.8  2.8  2.8  2.8  2.8  2.8  2.7
-29 |  2.7  2.7  2.6  2.4  2.4  2.3  2.3  2.1  2.0  1.9  1.8  1.6  1.5  1.4  1.2  1.0  0.9  0.7  0.5  0.2  0.0  0.0  0.0  0.0  0.0  0.0  0.0  0.0  0.0  0.0  0.0  0.0  0.0  0.0  0.0  0.0  0.0  0.0  0.0  0.0  0.0  0.0  0.0  0.0  0.0  0.0  0.0  0.0  0.0  0.0  0.0  0.0  0.0  0.0  0.0  0.0  0.0  0.0  0.1  0.4  0.6  0.8  1.0  1.2  1.3  1.4  1.6  1.7  1.9  2.0  2.1  2.2  2.3  2.4  2.4  2.6  2.6  2.7  2.7  2.8  2.8  2.8  2.8  2.8  2.8  2.8  2.8  2.8  2.8  2.7
-31 |  2.7  2.6  2.6  2.4  2.4  2.3  2.3  2.1  2.0  1.9  1.8  1.7  1.5  1.4  1.2  1.1  0.9  0.7  0.5  0.3  0.0  0.0  0.0  0.0  0.0  0.0  0.0  0.0  0.0  0.0  0.0  0.0  0.0  0.0  0.0  0.0  0.0  0.0  0.0  0.0  0.0  0.0  0.0  0.0  0.0  0.0  0.0  0.0  0.0  0.0  0.0  0.0  0.0  0.0  0.0  0.0  0.0  0.0  0.2  0.5  0.7  0.8  1.0  1.2  1.3  1.5  1.6  1.7  1.9  2.0  2.1  2.2  2.3  2.4  2.4  2.6  2.6  2.7  2.7  2.7  2.8  2.8  2.8  2.8  2.8  2.8  2.8  2.8  2.8  2.7
-33 |  2.7  2.6  2.6  2.4  2.4  2.3  2.3  2.1  2.0  1.9  1.8  1.7  1.5  1.4  1.3  1.1  0.9  0.8  0.6  0.4  0.1  0.0  0.0  0.0  0.0  0.0  0.0  0.0  0.0  0.0  0.0  0.0  0.0  0.0  0.0  0.0  0.0  0.0  0.0  0.0  0.0  0.0  0.0  0.0  0.0  0.0  0.0  0.0  0.0  0.0  0.0  0.0  0.0  0.0  0.0  0.0  0.0  0.0  0.3  0.5  0.7  0.9  1.0  1.2  1.4  1.5  1.6  1.8  1.9  2.0  2.1  2.2  2.3  2.4  2.4  2.6  2.6  2.7  2.7  2.7  2.8  2.8  2.8  2.8  2.8  2.8  2.8  2.8  2.8  2.7
-35 |  2.7  2.6  2.6  2.4  2.4  2.3  2.3  2.1  2.0  1.9  1.8  1.7  1.6  1.4  1.3  1.1  1.0  0.8  0.6  0.4  0.2  0.0  0.0  0.0  0.0  0.0  0.0  0.0  0.0  0.0  0.0  0.0  0.0  0.0  0.0  0.0  0.0  0.0  0.0  0.0  0.0  0.0  0.0  0.0  0.0  0.0  0.0  0.0  0.0  0.0  0.0  0.0  0.0  0.0  0.0  0.0  0.0  0.1  0.4  0.6  0.7  0.9  1.1  1.2  1.4  1.5  1.6  1.8  1.9  2.0  2.1  2.2  2.3  2.4  2.4  2.6  2.6  2.7  2.7  2.7  2.8  2.8  2.8  2.8  2.8  2.8  2.8  2.8  2.7  2.7
-37 |  2.7  2.6  2.6  2.4  2.4  2.3  2.3  2.1  2.0  1.9  1.8  1.7  1.6  1.4  1.3  1.2  1.0  0.9  0.7  0.5  0.3  0.0  0.0  0.0  0.0  0.0  0.0  0.0  0.0  0.0  0.0  0.0  0.0  0.0  0.0  0.0  0.0  0.0  0.0  0.0  0.0  0.0  0.0  0.0  0.0  0.0  0.0  0.0  0.0  0.0  0.0  0.0  0.0  0.0  0.0  0.0  0.0  0.2  0.4  0.6  0.8  0.9  1.1  1.2  1.4  1.5  1.6  1.8  1.9  2.0  2.1  2.2  2.3  2.4  2.4  2.6  2.6  2.7  2.7  2.7  2.7  2.8  2.8  2.8  2.8  2.8  2.8  2.8  2.7  2.7
-39 |  2.7  2.6  2.6  2.4  2.4  2.3  2.3  2.1  2.0  1.9  1.8  1.7  1.6  1.5  1.3  1.2  1.0  0.9  0.7  0.6  0.4  0.1  0.0  0.0  0.0  0.0  0.0  0.0  0.0  0.0  0.0  0.0  0.0  0.0  0.0  0.0  0.0  0.0  0.0  0.0  0.0  0.0  0.0  0.0  0.0  0.0  0.0  0.0  0.0  0.0  0.0  0.0  0.0  0.0  0.0  0.0  0.0  0.3  0.5  0.7  0.8  1.0  1.1  1.3  1.4  1.5  1.7  1.8  1.9  2.0  2.1  2.2  2.3  2.4  2.4  2.6  2.6  2.6  2.7  2.7  2.7  2.8  2.8  2.8  2.8  2.8  2.8  2.7  2.7  2.7
-41 |  2.6  2.6  2.6  2.4  2.4  2.3  2.2  2.1  2.0  1.9  1.8  1.7  1.6  1.5  1.4  1.2  1.1  0.9  0.8  0.6  0.4  0.2  0.0  0.0  0.0  0.0  0.0  0.0  0.0  0.0  0.0  0.0  0.0  0.0  0.0  0.0  0.0  0.0  0.0  0.0  0.0  0.0  0.0  0.0  0.0  0.0  0.0  0.0  0.0  0.0  0.0  0.0  0.0  0.0  0.0  0.0  0.1  0.4  0.6  0.7  0.9  1.0  1.2  1.3  1.4  1.5  1.7  1.8  1.9  2.0  2.1  2.2  2.3  2.3  2.4  2.4  2.6  2.6  2.7  2.7  2.7  2.7  2.7  2.8  2.8  2.8  2.7  2.7  2.7  2.7
-43 |  2.6  2.6  2.4  2.4  2.4  2.3  2.2  2.1  2.0  1.9  1.8  1.7  1.6  1.5  1.4  1.2  1.1  1.0  0.8  0.7  0.5  0.3  0.1  0.0  0.0  0.0  0.0  0.0  0.0  0.0  0.0  0.0  0.0  0.0  0.0  0.0  0.0  0.0  0.0  0.0  0.0  0.0  0.0  0.0  0.0  0.0  0.0  0.0  0.0  0.0  0.0  0.0  0.0  0.0  0.0  0.0  0.2  0.4  0.6  0.8  0.9  1.0  1.2  1.3  1.4  1.6  1.7  1.8  1.9  2.0  2.1  2.2  2.3  2.3  2.4  2.4  2.6  2.6  2.6  2.7  2.7  2.7  2.7  2.7  2.7  2.7  2.7  2.7  2.7  2.7
-45 |  2.6  2.6  2.4  2.4  2.3  2.3  2.2  2.1  2.0  1.9  1.8  1.7  1.6  1.5  1.4  1.3  1.1  1.0  0.9  0.7  0.6  0.4  0.2  0.0  0.0  0.0  0.0  0.0  0.0  0.0  0.0  0.0  0.0  0.0  0.0  0.0  0.0  0.0  0.0  0.0  0.0  0.0  0.0  0.0  0.0  0.0  0.0  0.0  0.0  0.0  0.0  0.0  0.0  0.0  0.0  0.1  0.3  0.5  0.7  0.8  0.9  1.1  1.2  1.3  1.5  1.6  1.7  1.8  1.9  2.0  2.1  2.2  2.3  2.3  2.4  2.4  2.6  2.6  2.6  2.7  2.7  2.7  2.7  2.7  2.7  2.7  2.7  2.7  2.7  2.6
-47 |  2.6  2.6  2.4  2.4  2.3  2.3  2.2  2.1  2.0  1.9  1.8  1.7  1.6  1.5  1.4  1.3  1.2  1.0  0.9  0.8  0.6  0.5  0.3  0.1  0.0  0.0  0.0  0.0  0.0  0.0  0.0  0.0  0.0  0.0  0.0  0.0  0.0  0.0  0.0  0.0  0.0  0.0  0.0  0.0  0.0  0.0  0.0  0.0  0.0  0.0  0.0  0.0  0.0  0.0  0.0  0.2  0.4  0.6  0.7  0.9  1.0  1.1  1.2  1.4  1.5  1.6  1.7  1.8  1.9  2.0  2.1  2.2  2.3  2.3  2.4  2.4  2.4  2.6  2.6  2.6  2.7  2.7  2.7  2.7  2.7  2.7  2.7  2.7  2.6  2.6
-49 |  2.6  2.4  2.4  2.4  2.3  2.3  2.2  2.1  2.0  1.9  1.8  1.7  1.6  1.5  1.4  1.3  1.2  1.1  0.9  0.8  0.7  0.5  0.4  0.2  0.0  0.0  0.0  0.0  0.0  0.0  0.0  0.0  0.0  0.0  0.0  0.0  0.0  0.0  0.0  0.0  0.0  0.0  0.0  0.0  0.0  0.0  0.0  0.0  0.0  0.0  0.0  0.0  0.0  0.0  0.1  0.3  0.5  0.6  0.8  0.9  1.0  1.2  1.3  1.4  1.5  1.6  1.7  1.8  1.9  2.0  2.1  2.2  2.2  2.3  2.3  2.4  2.4  2.6  2.6  2.6  2.6  2.6  2.7  2.7  2.7  2.7  2.7  2.6  2.6  2.6
-51 |  2.4  2.4  2.4  2.3  2.3  2.3  2.2  2.1  2.0  1.9  1.8  1.7  1.6  1.5  1.4  1.3  1.2  1.1  1.0  0.9  0.7  0.6  0.4  0.3  0.1  0.0  0.0  0.0  0.0  0.0  0.0  0.0  0.0  0.0  0.0  0.0  0.0  0.0  0.0  0.0  0.0  0.0  0.0  0.0  0.0  0.0  0.0  0.0  0.0  0.0  0.0  0.0  0.0  0.0  0.2  0.4  0.5  0.7  0.8  0.9  1.0  1.2  1.3  1.4  1.5  1.6  1.7  1.8  1.9  2.0  2.1  2.1  2.2  2.3  2.3  2.4  2.4  2.4  2.6  2.6  2.6  2.6  2.6  2.6  2.6  2.6  2.6  2.6  2.6  2.6
-53 |  2.4  2.4  2.4  2.3  2.3  2.2  2.1  2.1  2.0  1.9  1.8  1.7  1.6  1.5  1.4  1.3  1.2  1.1  1.0  0.9  0.8  0.6  0.5  0.4  0.2  0.0  0.0  0.0  0.0  0.0  0.0  0.0  0.0  0.0  0.0  0.0  0.0  0.0  0.0  0.0  0.0  0.0  0.0  0.0  0.0  0.0  0.0  0.0  0.0  0.0  0.0  0.0  0.0  0.1  0.3  0.5  0.6  0.7  0.9  1.0  1.1  1.2  1.3  1.4  1.5  1.6  1.7  1.8  1.9  2.0  2.0  2.1  2.2  2.3  2.3  2.3  2.4  2.4  2.4  2.6  2.6  2.6  2.6  2.6  2.6  2.6  2.6  2.6  2.6  2.4
-55 |  2.4  2.4  2.3  2.3  2.3  2.2  2.1  2.1  2.0  1.9  1.8  1.7  1.6  1.5  1.5  1.4  1.3  1.2  1.0  0.9  0.8  0.7  0.6  0.5  0.3  0.2  0.0  0.0  0.0  0.0  0.0  0.0  0.0  0.0  0.0  0.0  0.0  0.0  0.0  0.0  0.0  0.0  0.0  0.0  0.0  0.0  0.0  0.0  0.0  0.0  0.0  0.0  0.1  0.3  0.4  0.5  0.7  0.8  0.9  1.0  1.1  1.2  1.3  1.4  1.5  1.6  1.7  1.8  1.9  1.9  2.0  2.1  2.2  2.2  2.3  2.3  2.4  2.4  2.4  2.4  2.6  2.6  2.6  2.6  2.6  2.6  2.6  2.6  2.4  2.4
-57 |  2.4  2.3  2.3  2.3  2.2  2.2  2.1  2.0  2.0  1.9  1.8  1.7  1.6  1.6  1.5  1.4  1.3  1.2  1.1  1.0  0.9  0.8  0.6  0.5  0.4  0.3  0.1  0.0  0.0  0.0  0.0  0.0  0.0  0.0  0.0  0.0  0.0  0.0  0.0  0.0  0.0  0.0  0.0  0.0  0.0  0.0  0.0  0.0  0.0  0.0  0.0  0.1  0.2  0.4  0.5  0.6  0.7  0.8  0.9  1.0  1.2  1.2  1.3  1.4  1.5  1.6  1.7  1.8  1.9  1.9  2.0  2.1  2.1  2.2  2.3  2.3  2.3  2.4  2.4  2.4  2.4  2.4  2.4  2.6  2.6  2.4  2.4  2.4  2.4  2.4
-59 |  2.3  2.3  2.3  2.3  2.2  2.1  2.1  2.0  1.9  1.9  1.8  1.7  1.6  1.6  1.5  1.4  1.3  1.2  1.1  1.0  0.9  0.8  0.7  0.6  0.5  0.4  0.3  0.1  0.0  0.0  0.0  0.0  0.0  0.0  0.0  0.0  0.0  0.0  0.0  0.0  0.0  0.0  0.0  0.0  0.0  0.0  0.0  0.0  0.0  0.0  0.1  0.2  0.3  0.5  0.6  0.7  0.8  0.9  1.0  1.1  1.2  1.3  1.4  1.4  1.5  1.6  1.7  1.8  1.9  1.9  2.0  2.1  2.1  2.2  2.2  2.3  2.3  2.3  2.4  2.4  2.4  2.4  2.4  2.4  2.4  2.4  2.4  2.4  2.4  2.4
-61 |  2.3  2.3  2.3  2.2  2.2  2.1  2.1  2.0  1.9  1.9  1.8  1.7  1.6  1.6  1.5  1.4  1.3  1.2  1.1  1.0  1.0  0.9  0.8  0.7  0.6  0.5  0.4  0.3  0.2  0.0  0.0  0.0  0.0  0.0  0.0  0.0  0.0  0.0  0.0  0.0  0.0  0.0  0.0  0.0  0.0  0.0  0.0  0.0  0.0  0.1  0.2  0.3  0.4  0.6  0.6  0.7  0.8  0.9  1.0  1.1  1.2  1.3  1.4  1.4  1.5  1.6  1.7  1.8  1.8  1.9  2.0  2.0  2.1  2.1  2.2  2.3  2.3  2.3  2.3  2.3  2.4  2.4  2.4  2.4  2.4  2.4  2.4  2.4  2.3  2.3
-63 |  2.3  2.3  2.2  2.2  2.1  2.1  2.0  2.0  1.9  1.8  1.8  1.7  1.6  1.6  1.5  1.4  1.3  1.2  1.2  1.1  1.0  0.9  0.8  0.7  0.7  0.6  0.5  0.4  0.3  0.2  0.1  0.0  0.0  0.0  0.0  0.0  0.0  0.0  0.0  0.0  0.0  0.0  0.0  0.0  0.0  0.0  0.0  0.1  0.2  0.3  0.4  0.4  0.5  0.6  0.7  0.8  0.9  1.0  1.0  1.1  1.2  1.3  1.4  1.5  1.5  1.6  1.7  1.7  1.8  1.9  1.9  2.0  2.1  2.1  2.1  2.2  2.2  2.3  2.3  2.3  2.3  2.3  2.3  2.3  2.3  2.3  2.3  2.3  2.3  2.3
-65 |  2.2  2.2  2.2  2.1  2.1  2.0  2.0  1.9  1.9  1.8  1.8  1.7  1.6  1.6  1.5  1.4  1.4  1.3  1.2  1.1  1.0  1.0  0.9  0.8  0.7  0.6  0.6  0.5  0.4  0.3  0.3  0.2  0.1  0.0  0.0  0.0  0.0  0.0  0.0  0.0  0.0  0.0  0.0  0.0  0.0  0.1  0.2  0.2  0.3  0.4  0.5  0.6  0.6  0.7  0.8  0.9  0.9  1.0  1.1  1.2  1.2  1.3  1.4  1.5  1.5  1.6  1.7  1.7  1.8  1.9  1.9  2.0  2.0  2.1  2.1  2.1  2.2  2.2  2.3  2.3  2.3  2.3  2.3  2.3  2.3  2.3  2.3  2.3  2.3  2.3
-67 |  2.2  2.1  2.1  2.1  2.0  2.0  1.9  1.9  1.9  1.8  1.7  1.7  1.6  1.6  1.5  1.4  1.4  1.3  1.2  1.2  1.1  1.0  0.9  0.9  0.8  0.7  0.7  0.6  0.5  0.5  0.4  0.3  0.3  0.2  0.2  0.2  0.1  0.1  0.1  0.1  0.1  0.1  0.1  0.2  0.2  0.3  0.3  0.4  0.4  0.5  0.6  0.6  0.7  0.8  0.8  0.9  1.0  1.0  1.1  1.2  1.3  1.3  1.4  1.5  1.5  1.6  1.7  1.7  1.8  1.8  1.9  1.9  2.0  2.0  2.1  2.1  2.1  2.2  2.2  2.2  2.2  2.3  2.3  2.3  2.3  2.3  2.3  2.3  2.2  2.2
-69 |  2.1  2.1  2.1  2.0  2.0  2.0  1.9  1.9  1.8  1.8  1.7  1.7  1.6  1.6  1.5  1.4  1.4  1.3  1.2  1.2  1.1  1.0  1.0  0.9  0.9  0.8  0.7  0.7  0.6  0.6  0.5  0.5  0.4  0.4  0.3  0.3  0.3  0.3  0.3  0.3  0.3  0.3  0.3  0.3  0.4  0.4  0.5  0.5  0.6  0.6  0.7  0.7  0.8  0.8  0.9  1.0  1.0  1.1  1.2  1.2  1.3  1.4  1.4  1.5  1.5  1.6  1.6  1.7  1.8  1.8  1.9  1.9  1.9  2.0  2.0  2.1  2.1  2.1  2.1  2.2  2.2  2.2  2.2  2.2  2.2  2.2  2.2  2.2  2.2  2.1
-71 |  2.1  2.0  2.0  2.0  2.0  1.9  1.9  1.8  1.8  1.8  1.7  1.7  1.6  1.5  1.5  1.4  1.4  1.3  1.3  1.2  1.2  1.1  1.0  1.0  0.9  0.9  0.8  0.8  0.7  0.7  0.6  0.6  0.6  0.5  0.5  0.5  0.4  0.4  0.4  0.4  0.4  0.4  0.5  0.5  0.5  0.5  0.6  0.6  0.7  0.7  0.7  0.8  0.9  0.9  1.0  1.0  1.1  1.1  1.2  1.2  1.3  1.4  1.4  1.5  1.5  1.6  1.6  1.7  1.7  1.8  1.8  1.9  1.9  1.9  2.0  2.0  2.0  2.1  2.1  2.1  2.1  2.1  2.1  2.1  2.1  2.1  2.1  2.1  2.1  2.1
-73 |  2.0  2.0  2.0  1.9  1.9  1.9  1.8  1.8  1.8  1.7  1.7  1.6  1.6  1.5  1.5  1.4  1.4  1.3  1.3  1.2  1.2  1.1  1.1  1.0  1.0  0.9  0.9  0.9  0.8  0.8  0.7  0.7  0.7  0.6  0.6  0.6  0.6  0.6  0.6  0.6  0.6  0.6  0.6  0.6  0.6  0.7  0.7  0.7  0.8  0.8  0.8  0.9  0.9  1.0  1.0  1.1  1.1  1.2  1.2  1.3  1.3  1.4  1.4  1.5  1.5  1.6  1.6  1.7  1.7  1.8  1.8  1.8  1.9  1.9  1.9  2.0  2.0  2.0  2.0  2.0  2.1  2.1  2.1  2.1  2.1  2.1  2.1  2.1  2.0  2.0
-75 |  1.9  1.9  1.9  1.9  1.9  1.8  1.8  1.8  1.7  1.7  1.7  1.6  1.6  1.5  1.5  1.4  1.4  1.4  1.3  1.3  1.2  1.2  1.1  1.1  1.0  1.0  1.0  0.9  0.9  0.9  0.8  0.8  0.8  0.7  0.7  0.7  0.7  0.7  0.7  0.7  0.7  0.7  0.7  0.7  0.7  0.8  0.8  0.8  0.8  0.9  0.9  0.9  1.0  1.0  1.1  1.1  1.2  1.2  1.2  1.3  1.3  1.4  1.4  1.5  1.5  1.6  1.6  1.6  1.7  1.7  1.8  1.8  1.8  1.9  1.9  1.9  1.9  1.9  2.0  2.0  2.0  2.0  2.0  2.0  2.0  2.0  2.0  2.0  2.0  2.0
-77 |  1.9  1.9  1.9  1.8  1.8  1.8  1.8  1.7  1.7  1.7  1.6  1.6  1.6  1.5  1.5  1.5  1.4  1.4  1.3  1.3  1.3  1.2  1.2  1.2  1.1  1.1  1.0  1.0  1.0  0.9  0.9  0.9  0.9  0.9  0.8  0.8  0.8  0.8  0.8  0.8  0.8  0.8  0.8  0.8  0.8  0.9  0.9  0.9  0.9  1.0  1.0  1.0  1.0  1.1  1.1  1.2  1.2  1.2  1.3  1.3  1.4  1.4  1.4  1.5  1.5  1.5  1.6  1.6  1.7  1.7  1.7  1.7  1.8  1.8  1.8  1.9  1.9  1.9  1.9  1.9  1.9  1.9  1.9  1.9  1.9  1.9  1.9  1.9  1.9  1.9
-79 |  1.8  1.8  1.8  1.8  1.8  1.7  1.7  1.7  1.7  1.6  1.6  1.6  1.5  1.5  1.5  1.5  1.4  1.4  1.4  1.3  1.3  1.3  1.2  1.2  1.2  1.1  1.1  1.1  1.0  1.0  1.0  1.0  1.0  0.9  0.9  0.9  0.9  0.9  0.9  0.9  0.9  0.9  0.9  0.9  0.9  1.0  1.0  1.0  1.0  1.0  1.1  1.1  1.1  1.2  1.2  1.2  1.2  1.3  1.3  1.3  1.4  1.4  1.4  1.5  1.5  1.5  1.6  1.6  1.6  1.6  1.7  1.7  1.7  1.7  1.8  1.8  1.8  1.8  1.8  1.8  1.9  1.9  1.9  1.9  1.9  1.9  1.9  1.9  1.9  1.8
-81 |  1.8  1.7  1.7  1.7  1.7  1.7  1.7  1.6  1.6  1.6  1.6  1.6  1.5  1.5  1.5  1.5  1.4  1.4  1.4  1.3  1.3  1.3  1.3  1.2  1.2  1.2  1.2  1.2  1.1  1.1  1.1  1.1  1.0  1.0  1.0  1.0  1.0  1.0  1.0  1.0  1.0  1.0  1.0  1.0  1.0  1.0  1.1  1.1  1.1  1.1  1.1  1.2  1.2  1.2  1.2  1.3  1.3  1.3  1.3  1.4  1.4  1.4  1.4  1.5  1.5  1.5  1.5  1.6  1.6  1.6  1.6  1.7  1.7  1.7  1.7  1.7  1.7  1.8  1.8  1.8  1.8  1.8  1.8  1.8  1.8  1.8  1.8  1.8  1.8  1.8
-83 |  1.7  1.7  1.7  1.7  1.6  1.6  1.6  1.6  1.6  1.6  1.5  1.5  1.5  1.5  1.5  1.4  1.4  1.4  1.4  1.4  1.4  1.3  1.3  1.3  1.3  1.2  1.2  1.2  1.2  1.2  1.2  1.2  1.2  1.1  1.1  1.1  1.1  1.1  1.1  1.1  1.1  1.1  1.1  1.1  1.1  1.2  1.2  1.2  1.2  1.2  1.2  1.2  1.2  1.3  1.3  1.3  1.3  1.3  1.4  1.4  1.4  1.4  1.4  1.5  1.5  1.5  1.5  1.5  1.6  1.6  1.6  1.6  1.6  1.6  1.7  1.7  1.7  1.7  1.7  1.7  1.7  1.7  1.7  1.7  1.7  1.7  1.7  1.7  1.7  1.7
-85 |  1.6  1.6  1.6  1.6  1.6  1.6  1.6  1.6  1.5  1.5  1.5  1.5  1.5  1.5  1.5  1.4  1.4  1.4  1.4  1.4  1.4  1.4  1.3  1.3  1.3  1.3  1.3  1.3  1.3  1.3  1.2  1.2  1.2  1.2  1.2  1.2  1.2  1.2  1.2  1.2  1.2  1.2  1.2  1.2  1.2  1.2  1.2  1.2  1.3  1.3  1.3  1.3  1.3  1.3  1.3  1.3  1.4  1.4  1.4  1.4  1.4  1.4  1.4  1.5  1.5  1.5  1.5  1.5  1.5  1.5  1.5  1.6  1.6  1.6  1.6  1.6  1.6  1.6  1.6  1.6  1.6  1.6  1.6  1.6  1.6  1.6  1.6  1.6  1.6  1.6
-87 |  1.5  1.5  1.5  1.5  1.5  1.5  1.5  1.5  1.5  1.5  1.5  1.5  1.5  1.5  1.5  1.4  1.4  1.4  1.4  1.4  1.4  1.4  1.4  1.4  1.4  1.4  1.4  1.3  1.3  1.3  1.3  1.3  1.3  1.3  1.3  1.3  1.3  1.3  1.3  1.3  1.3  1.3  1.3  1.3  1.3  1.3  1.3  1.3  1.3  1.3  1.3  1.4  1.4  1.4  1.4  1.4  1.4  1.4  1.4  1.4  1.4  1.4  1.4  1.4  1.5  1.5  1.5  1.5  1.5  1.5  1.5  1.5  1.5  1.5  1.5  1.5  1.5  1.5  1.5  1.5  1.6  1.6  1.6  1.6  1.6  1.6  1.6  1.6  1.6  1.5
-89 |  1.5  1.5  1.5  1.5  1.5  1.5  1.5  1.5  1.5  1.5  1.5  1.4  1.4  1.4  1.4  1.4  1.4  1.4  1.4  1.4  1.4  1.4  1.4  1.4  1.4  1.4  1.4  1.4  1.4  1.4  1.4  1.4  1.4  1.4  1.4  1.4  1.4  1.4  1.4  1.4  1.4  1.4  1.4  1.4  1.4  1.4  1.4  1.4  1.4  1.4  1.4  1.4  1.4  1.4  1.4  1.4  1.4  1.4  1.4  1.4  1.4  1.4  1.4  1.4  1.4  1.4  1.4  1.4  1.5  1.5  1.5  1.5  1.5  1.5  1.5  1.5  1.5  1.5  1.5  1.5  1.5  1.5  1.5  1.5  1.5  1.5  1.5  1.5  1.5  1.5
