:Product: 202312010515_COE.txt 
:Created: 2023 Dec 01 0607 UTC
# North America Total Electron Content (NATEC), Operational Version 2.0
# Prepared by the U.S. Dept. of Commerce, NOAA, Space Weather Prediction Center.
#
# Units: TEC: TECU (10^16 electrons/m^2) x 10
#        Longitude, Latitude: degrees x 10
# Source: Kalman filter data assimilation model using ground-based GPS data from NGS, CORS, RTIGS, GPS/MET
# Missing data: n/a
# End record identifier: End of file
# Time Range: 2023 Dec 01 0515 - 0530 UTC
# Cadence: 15 minutes
# URL: http://www.swpc.noaa.gov/products/us-total-electron-content
#
# See ________ for format explanation.
#
#                       Coefficients
#-------------------------------------------------------------------------
 47  31    1.0 -160.0   1.5    4.0
    6.048892    6.048892    6.048892    6.048892    6.048892    6.048892    6.048892    6.048892    6.048892    6.048892    6.048892    6.048892    6.048892    6.048892    6.048892    6.048892    6.048892    6.048892    6.048892    6.048892    6.048892    6.048892    6.048892    6.048892    6.048892    6.048892    6.048892    6.048892    6.048892    6.048892    6.048892
    6.048892    6.048892    6.048892    6.048892    6.048892    6.048892    6.048892    6.048892    6.048892    6.048892    6.048892    6.048892    6.048892    6.048892    6.048892    6.048892    6.048892    6.048892    6.048892    6.048892    6.048892    6.048892    6.048892    6.048892    6.048892    6.048892    6.048892    6.048892    6.048892    6.048892    6.048892
    6.048892    6.048892    6.048892    6.048892    6.048892    6.048892    6.048892    6.048892    6.048892    6.048892    6.048892    6.048892    6.048892    6.048892    6.048892    6.048892    6.048892    6.048892    6.048892    6.048892    6.048892    6.048892    6.048892    6.048892    6.048892    6.048892    6.048892    6.048892    6.048892    6.048892    6.048892
    6.048893    6.048893    6.048893    6.048893    6.048893    6.048893    6.048893    6.048893    6.048893    6.048893    6.048893    6.048893    6.048893    6.048893    6.048893    6.048893    6.048893    6.048893    6.048893    6.048893    6.048893    6.048893    6.048893    6.048893    6.048893    6.048893    6.048893    6.048893    6.048893    6.048892    6.048892
    6.048893    6.048893    6.048893    6.048893    6.048893    6.048893    6.048893    6.048893    6.048893    6.048893    6.048893    6.048893    6.048893    6.048893    6.048893    6.048893    6.048893    6.048893    6.048893    6.048893    6.048893    6.048893    6.048893    6.048893    6.048893    6.048893    6.048893    6.048893    6.048893    6.048892    6.048892
    6.048893    6.048893    6.048893    6.048893    6.048893    6.048893    6.048893    6.048893    6.048893    6.048893    6.048893    6.048893    6.048893    6.048893    6.048893    6.048893    6.048893    6.048893    6.048893    6.048893    6.048893    6.048893    6.048893    6.048893    6.048893    6.048893    6.048893    6.048893    6.048893    6.048892    6.048892
    6.048892    6.048892    6.048892    6.048892    6.048892    6.048892    6.048892    6.048892    6.048892    6.048892    6.048892    6.048892    6.048892    6.048892    6.048892    6.048892    6.048892    6.048892    6.048892    6.048892    6.048892    6.048892    6.048892    6.048892    6.048892    6.048892    6.048893    6.048893    6.048893    6.048892    6.048892
    6.048892    6.048892    6.048892    6.048892    6.048892    6.048892    6.048892    6.048892    6.048892    6.048892    6.048892    6.048892    6.048892    6.048892    6.048892    6.048892    6.048892    6.048892    6.048892    6.048892    6.048892    6.048892    6.048892    6.048892    6.048892    6.048892    6.048893    6.048893    6.048893    6.048892    6.048892
    6.048892    6.048892    6.048892    6.048892    6.048892    6.048892    6.048892    6.048892    6.048892    6.048892    6.048892    6.048892    6.048892    6.048892    6.048892    6.048892    6.048892    6.048892    6.048892    6.048892    6.048892    6.048892    6.048892    6.048892    6.048892    6.048892    6.048893    6.048893    6.048893    6.048892    6.048892
    6.048892    6.048892    6.048892    6.048892    6.048892    6.048892    6.048892    6.048892    6.048892    6.048892    6.048892    6.048892    6.048892    6.048892    6.048892    6.048892    6.048892    6.048892    6.048892    6.048892    6.048892    6.048892    6.048892    6.048892    6.048892    6.048892    6.048893    6.048893    6.048893    6.048892    6.048892
    6.048892    6.048892    6.048892    6.048892    6.048892    6.048892    6.048892    6.048892    6.048892    6.048892    6.048892    6.048892    6.048892    6.048892    6.048892    6.048892    6.048892    6.048892    6.048892    6.048892    6.048892    6.048892    6.048892    6.048892    6.048892    6.048892    6.048893    6.048893    6.048893    6.048892    6.048892
    6.048892    6.048892    6.048892    6.048892    6.048892    6.048892    6.048892    6.048892    6.048892    6.048892    6.048892    6.048892    6.048892    6.048892    6.048892    6.048892    6.048892    6.048892    6.048892    6.048892    6.048892    6.048892    6.048892    6.048892    6.048892    6.048892    6.048893    6.048893    6.048893    6.048892    6.048892
    6.048892    6.048892    6.048892    6.048892    6.048892    6.048892    6.048892    6.048892    6.048892    6.048892    6.048892    6.048892    6.048892    6.048892    6.048892    6.048892    6.048892    6.048892    6.048892    6.048892    6.048892    6.048892    6.048892    6.048892    6.048892    6.048892    6.048893    6.048893    6.048893    6.048892    6.048892
    6.048892    6.048892    6.048892    6.048892    6.048892    6.048892    6.048892    6.048892    6.048892    6.048892    6.048892    6.048892    6.048892    6.048892    6.048892    6.048892    6.048892    6.048892    6.048892    6.048892    6.048892    6.048892    6.048892    6.048892    6.048892    6.048892    6.048893    6.048893    6.048893    6.048892    6.048892
    6.048892    6.048892    6.048892    6.048892    6.048892    6.048892    6.048892    6.048892    6.048892    6.048892    6.048892    6.048892    6.048892    6.048892    6.048892    6.048892    6.048892    6.048892    6.048892    6.048892    6.048892    6.048892    6.048892    6.048892    6.048892    6.048892    6.048893    6.048893    6.048893    6.048892    6.048892
    6.048892    6.048892    6.048892    6.048892    6.048892    6.048892    6.048892    6.048892    6.048892    6.048892    6.048892    6.048892    6.048892    6.048892    6.048892    6.048892    6.048892    6.048892    6.048892    6.048892    6.048892    6.048892    6.048892    6.048892    6.048892    6.048892    6.048893    6.048893    6.048893    6.048892    6.048892
    6.048892    6.048892    6.048892    6.048892    6.048892    6.048892    6.048892    6.048892    6.048892    6.048892    6.048892    6.048892    6.048892    6.048892    6.048892    6.048892    6.048892    6.048892    6.048892    6.048892    6.048892    6.048892    6.048892    6.048892    6.048892    6.048892    6.048893    6.048893    6.048893    6.048892    6.048892
    6.048892    6.048892    6.048892    6.048892    6.048892    6.048892    6.048892    6.048892    6.048892    6.048892    6.048892    6.048892    6.048892    6.048892    6.048892    6.048892    6.048892    6.048892    6.048892    6.048892    6.048892    6.048892    6.048892    6.048892    6.048892    6.048892    6.048893    6.048893    6.048893    6.048892    6.048892
    6.048892    6.048892    6.048892    6.048892    6.048892    6.048892    6.048892    6.048892    6.048892    6.048892    6.048892    6.048892    6.048892    6.048892    6.048892    6.048892    6.048892    6.048892    6.048892    6.048892    6.048892    6.048892    6.048892    6.048892    6.048892    6.048892    6.048893    6.048893    6.048893    6.048892    6.048892
    6.048892    6.048892    6.048892    6.048892    6.048892    6.048892    6.048892    6.048892    6.048892    6.048892    6.048892    6.048892    6.048892    6.048892    6.048892    6.048892    6.048892    6.048892    6.048892    6.048892    6.048892    6.048892    6.048892    6.048892    6.048892    6.048892    6.048893    6.048893    6.048893    6.048892    6.048892
    6.048892    6.048892    6.048892    6.048892    6.048892    6.048892    6.048892    6.048892    6.048892    6.048892    6.048892    6.048892    6.048892    6.048892    6.048892    6.048892    6.048892    6.048892    6.048892    6.048892    6.048892    6.048892    6.048892    6.048892    6.048892    6.048892    6.048893    6.048893    6.048893    6.048892    6.048892
    6.048892    6.048892    6.048892    6.048892    6.048892    6.048892    6.048892    6.048892    6.048892    6.048892    6.048892    6.048892    6.048892    6.048892    6.048892    6.048892    6.048892    6.048892    6.048892    6.048892    6.048892    6.048892    6.048892    6.048892    6.048892    6.048892    6.048893    6.048893    6.048893    6.048892    6.048892
    6.048892    6.048892    6.048892    6.048892    6.048892    6.048892    6.048892    6.048892    6.048892    6.048892    6.048892    6.048892    6.048892    6.048892    6.048892    6.048892    6.048892    6.048892    6.048892    6.048892    6.048892    6.048892    6.048892    6.048892    6.048892    6.048892    6.048893    6.048893    6.048893    6.048892    6.048892
    6.048892    6.048892    6.048892    6.048892    6.048892    6.048892    6.048892    6.048892    6.048892    6.048892    6.048892    6.048892    6.048892    6.048892    6.048892    6.048892    6.048892    6.048892    6.048892    6.048892    6.048892    6.048892    6.048892    6.048892    6.048892    6.048892    6.048893    6.048893    6.048893    6.048892    6.048892
    6.048892    6.048892    6.048892    6.048892    6.048892    6.048892    6.048892    6.048892    6.048892    6.048892    6.048892    6.048892    6.048892    6.048892    6.048892    6.048892    6.048892    6.048892    6.048892    6.048892    6.048892    6.048892    6.048892    6.048892    6.048892    6.048892    6.048893    6.048893    6.048893    6.048892    6.048892
    6.048892    6.048892    6.048892    6.048892    6.048892    6.048892    6.048892    6.048892    6.048892    6.048892    6.048892    6.048892    6.048892    6.048892    6.048892    6.048892    6.048892    6.048892    6.048892    6.048892    6.048892    6.048892    6.048892    6.048892    6.048892    6.048892    6.048893    6.048893    6.048893    6.048892    6.048892
    6.048892    6.048892    6.048892    6.048892    6.048892    6.048892    6.048892    6.048892    6.048892    6.048892    6.048892    6.048892    6.048892    6.048892    6.048892    6.048892    6.048892    6.048892    6.048892    6.048892    6.048892    6.048892    6.048892    6.048892    6.048892    6.048892    6.048893    6.048893    6.048893    6.048892    6.048892
    6.048892    6.048892    6.048892    6.048892    6.048892    6.048892    6.048892    6.048892    6.048892    6.048892    6.048892    6.048892    6.048892    6.048892    6.048892    6.048892    6.048892    6.048892    6.048892    6.048892    6.048892    6.048892    6.048892    6.048892    6.048892    6.048892    6.048893    6.048893    6.048893    6.048892    6.048892
    6.048892    6.048892    6.048892    6.048892    6.048892    6.048892    6.048892    6.048892    6.048892    6.048892    6.048892    6.048892    6.048892    6.048892    6.048892    6.048892    6.048892    6.048892    6.048892    6.048892    6.048892    6.048892    6.048892    6.048892    6.048892    6.048892    6.048893    6.048893    6.048893    6.048892    6.048892
    6.048892    6.048892    6.048892    6.048892    6.048892    6.048892    6.048892    6.048892    6.048892    6.048892    6.048892    6.048892    6.048892    6.048892    6.048892    6.048892    6.048892    6.048892    6.048892    6.048892    6.048892    6.048892    6.048892    6.048892    6.048892    6.048892    6.048893    6.048893    6.048893    6.048892    6.048892
    6.048892    6.048892    6.048892    6.048892    6.048892    6.048892    6.048892    6.048892    6.048892    6.048892    6.048892    6.048892    6.048892    6.048892    6.048892    6.048892    6.048892    6.048892    6.048892    6.048892    6.048892    6.048892    6.048892    6.048892    6.048892    6.048892    6.048893    6.048893    6.048893    6.048892    6.048892
    6.048892    6.048892    6.048892    6.048892    6.048892    6.048892    6.048892    6.048892    6.048892    6.048892    6.048892    6.048892    6.048892    6.048892    6.048892    6.048892    6.048892    6.048892    6.048892    6.048892    6.048892    6.048892    6.048892    6.048892    6.048892    6.048892    6.048893    6.048893    6.048893    6.048892    6.048892
    6.048892    6.048892    6.048892    6.048892    6.048892    6.048892    6.048892    6.048892    6.048892    6.048892    6.048892    6.048892    6.048892    6.048892    6.048892    6.048892    6.048892    6.048892    6.048892    6.048892    6.048892    6.048892    6.048892    6.048892    6.048892    6.048892    6.048893    6.048893    6.048893    6.048892    6.048892
    6.048892    6.048892    6.048892    6.048892    6.048892    6.048892    6.048892    6.048892    6.048892    6.048892    6.048892    6.048892    6.048892    6.048892    6.048892    6.048892    6.048892    6.048892    6.048892    6.048892    6.048892    6.048892    6.048892    6.048892    6.048892    6.048892    6.048893    6.048893    6.048893    6.048892    6.048892
    6.048892    6.048892    6.048892    6.048892    6.048892    6.048892    6.048892    6.048892    6.048892    6.048892    6.048892    6.048892    6.048892    6.048892    6.048892    6.048892    6.048892    6.048892    6.048892    6.048892    6.048892    6.048892    6.048892    6.048892    6.048892    6.048892    6.048893    6.048893    6.048893    6.048892    6.048892
    6.048892    6.048892    6.048892    6.048892    6.048892    6.048892    6.048892    6.048892    6.048892    6.048892    6.048892    6.048892    6.048892    6.048892    6.048892    6.048892    6.048892    6.048892    6.048892    6.048892    6.048892    6.048892    6.048892    6.048892    6.048892    6.048892    6.048893    6.048893    6.048893    6.048892    6.048892
    6.048892    6.048892    6.048892    6.048892    6.048892    6.048892    6.048892    6.048892    6.048892    6.048892    6.048892    6.048892    6.048892    6.048892    6.048892    6.048892    6.048892    6.048892    6.048892    6.048892    6.048892    6.048892    6.048892    6.048892    6.048892    6.048892    6.048893    6.048893    6.048893    6.048892    6.048892
    6.048892    6.048892    6.048892    6.048892    6.048892    6.048892    6.048892    6.048892    6.048892    6.048892    6.048892    6.048892    6.048892    6.048892    6.048892    6.048892    6.048892    6.048892    6.048892    6.048892    6.048892    6.048892    6.048892    6.048892    6.048892    6.048892    6.048893    6.048893    6.048893    6.048892    6.048892
    6.048892    6.048892    6.048892    6.048892    6.048892    6.048892    6.048892    6.048892    6.048892    6.048892    6.048892    6.048892    6.048892    6.048892    6.048892    6.048892    6.048892    6.048892    6.048892    6.048892    6.048892    6.048892    6.048892    6.048892    6.048892    6.048892    6.048893    6.048893    6.048893    6.048892    6.048892
    6.048892    6.048892    6.048892    6.048892    6.048892    6.048892    6.048892    6.048892    6.048892    6.048892    6.048892    6.048892    6.048892    6.048892    6.048892    6.048892    6.048892    6.048892    6.048892    6.048892    6.048892    6.048892    6.048892    6.048892    6.048892    6.048892    6.048893    6.048893    6.048893    6.048892    6.048892
    6.048892    6.048892    6.048892    6.048892    6.048892    6.048892    6.048892    6.048892    6.048892    6.048892    6.048892    6.048892    6.048892    6.048892    6.048892    6.048892    6.048892    6.048892    6.048892    6.048892    6.048892    6.048892    6.048892    6.048892    6.048892    6.048892    6.048893    6.048893    6.048893    6.048892    6.048892
    6.048892    6.048892    6.048892    6.048892    6.048892    6.048892    6.048892    6.048892    6.048892    6.048892    6.048892    6.048892    6.048892    6.048892    6.048892    6.048892    6.048892    6.048892    6.048892    6.048892    6.048892    6.048892    6.048892    6.048892    6.048892    6.048892    6.048893    6.048893    6.048893    6.048892    6.048892
    6.048892    6.048892    6.048892    6.048892    6.048892    6.048892    6.048892    6.048892    6.048892    6.048892    6.048892    6.048892    6.048892    6.048892    6.048892    6.048892    6.048892    6.048892    6.048892    6.048892    6.048892    6.048892    6.048892    6.048892    6.048892    6.048892    6.048893    6.048893    6.048893    6.048892    6.048892
    6.048892    6.048892    6.048892    6.048892    6.048892    6.048892    6.048892    6.048892    6.048892    6.048892    6.048892    6.048892    6.048892    6.048892    6.048892    6.048892    6.048892    6.048892    6.048892    6.048892    6.048892    6.048892    6.048892    6.048892    6.048892    6.048892    6.048893    6.048893    6.048893    6.048892    6.048892
    6.048892    6.048892    6.048892    6.048892    6.048892    6.048892    6.048892    6.048892    6.048892    6.048892    6.048892    6.048892    6.048892    6.048892    6.048892    6.048892    6.048892    6.048892    6.048892    6.048892    6.048892    6.048892    6.048892    6.048892    6.048892    6.048892    6.048893    6.048893    6.048893    6.048892    6.048892
    6.048892    6.048892    6.048892    6.048892    6.048892    6.048892    6.048892    6.048892    6.048892    6.048892    6.048892    6.048892    6.048892    6.048892    6.048892    6.048892    6.048892    6.048892    6.048892    6.048892    6.048892    6.048892    6.048892    6.048892    6.048892    6.048892    6.048893    6.048893    6.048893    6.048892    6.048892
    6.048892    6.048892    6.048892    6.048892    6.048892    6.048892    6.048892    6.048892    6.048892    6.048892    6.048892    6.048892    6.048892    6.048892    6.048892    6.048892    6.048892    6.048892    6.048892    6.048892    6.048892    6.048892    6.048892    6.048892    6.048892    6.048892    6.048893    6.048893    6.048893    6.048892    6.048892
    0.497587    0.497587    0.497587    0.497587    0.497587    0.497587    0.497587    0.497587    0.497587    0.497587    0.497587    0.497587    0.497587    0.497587    0.497587    0.497587    0.497587    0.497587    0.497587    0.497587    0.497587    0.497587    0.497587    0.497587    0.497587    0.497587    0.497587    0.497587    0.497587    0.497587    0.497587
    0.497587    0.497587    0.497587    0.497587    0.497587    0.497587    0.497587    0.497587    0.497587    0.497587    0.497587    0.497587    0.497587    0.497587    0.497587    0.497587    0.497587    0.497587    0.497587    0.497587    0.497587    0.497587    0.497587    0.497587    0.497587    0.497587    0.497587    0.497587    0.497587    0.497587    0.497587
    0.497587    0.497587    0.497587    0.497587    0.497587    0.497587    0.497587    0.497587    0.497587    0.497587    0.497587    0.497587    0.497587    0.497587    0.497587    0.497587    0.497587    0.497587    0.497587    0.497587    0.497587    0.497587    0.497587    0.497587    0.497587    0.497587    0.497587    0.497587    0.497587    0.497587    0.497587
    0.497587    0.497587    0.497587    0.497587    0.497587    0.497587    0.497587    0.497587    0.497587    0.497587    0.497587    0.497587    0.497587    0.497587    0.497587    0.497587    0.497587    0.497587    0.497587    0.497587    0.497587    0.497587    0.497587    0.497587    0.497587    0.497587    0.497587    0.497587    0.497587    0.497587    0.497587
    0.497587    0.497587    0.497587    0.497587    0.497587    0.497587    0.497587    0.497587    0.497587    0.497587    0.497587    0.497587    0.497587    0.497587    0.497587    0.497587    0.497587    0.497587    0.497587    0.497587    0.497587    0.497587    0.497587    0.497587    0.497587    0.497587    0.497587    0.497587    0.497587    0.497587    0.497587
    0.497587    0.497587    0.497587    0.497587    0.497587    0.497587    0.497587    0.497587    0.497587    0.497587    0.497587    0.497587    0.497587    0.497587    0.497587    0.497587    0.497587    0.497587    0.497587    0.497587    0.497587    0.497587    0.497587    0.497587    0.497587    0.497587    0.497587    0.497587    0.497587    0.497587    0.497587
    0.497587    0.497587    0.497587    0.497587    0.497587    0.497587    0.497587    0.497587    0.497587    0.497587    0.497587    0.497587    0.497587    0.497587    0.497587    0.497587    0.497587    0.497587    0.497587    0.497587    0.497587    0.497587    0.497587    0.497587    0.497587    0.497587    0.497587    0.497587    0.497587    0.497587    0.497587
    0.497587    0.497587    0.497587    0.497587    0.497587    0.497587    0.497587    0.497587    0.497587    0.497587    0.497587    0.497587    0.497587    0.497587    0.497587    0.497587    0.497587    0.497587    0.497587    0.497587    0.497587    0.497587    0.497587    0.497587    0.497587    0.497587    0.497587    0.497587    0.497587    0.497587    0.497587
    0.497587    0.497587    0.497587    0.497587    0.497587    0.497587    0.497587    0.497587    0.497587    0.497587    0.497587    0.497587    0.497587    0.497587    0.497587    0.497587    0.497587    0.497587    0.497587    0.497587    0.497587    0.497587    0.497587    0.497587    0.497587    0.497587    0.497587    0.497587    0.497587    0.497587    0.497587
    0.497587    0.497587    0.497587    0.497587    0.497587    0.497587    0.497587    0.497587    0.497587    0.497587    0.497587    0.497587    0.497587    0.497587    0.497587    0.497587    0.497587    0.497587    0.497587    0.497587    0.497587    0.497587    0.497587    0.497587    0.497587    0.497587    0.497587    0.497587    0.497587    0.497587    0.497587
    0.497587    0.497587    0.497587    0.497587    0.497587    0.497587    0.497587    0.497587    0.497587    0.497587    0.497587    0.497587    0.497587    0.497587    0.497587    0.497587    0.497587    0.497587    0.497587    0.497587    0.497587    0.497587    0.497587    0.497587    0.497587    0.497587    0.497587    0.497587    0.497587    0.497587    0.497587
    0.497587    0.497587    0.497587    0.497587    0.497587    0.497587    0.497587    0.497587    0.497587    0.497587    0.497587    0.497587    0.497587    0.497587    0.497587    0.497587    0.497587    0.497587    0.497587    0.497587    0.497587    0.497587    0.497587    0.497587    0.497587    0.497587    0.497587    0.497587    0.497587    0.497587    0.497587
    0.497587    0.497587    0.497587    0.497587    0.497587    0.497587    0.497587    0.497587    0.497587    0.497587    0.497587    0.497587    0.497587    0.497587    0.497587    0.497587    0.497587    0.497587    0.497587    0.497587    0.497587    0.497587    0.497587    0.497587    0.497587    0.497587    0.497587    0.497587    0.497587    0.497587    0.497587
    0.497587    0.497587    0.497587    0.497587    0.497587    0.497587    0.497587    0.497587    0.497587    0.497587    0.497587    0.497587    0.497587    0.497587    0.497587    0.497587    0.497587    0.497587    0.497587    0.497587    0.497587    0.497587    0.497587    0.497587    0.497587    0.497587    0.497587    0.497587    0.497587    0.497587    0.497587
    0.497587    0.497587    0.497587    0.497587    0.497587    0.497587    0.497587    0.497587    0.497587    0.497587    0.497587    0.497587    0.497587    0.497587    0.497587    0.497587    0.497587    0.497587    0.497587    0.497587    0.497587    0.497587    0.497587    0.497587    0.497587    0.497587    0.497587    0.497587    0.497587    0.497587    0.497587
    0.497587    0.497587    0.497587    0.497587    0.497587    0.497587    0.497587    0.497587    0.497587    0.497587    0.497587    0.497587    0.497587    0.497587    0.497587    0.497587    0.497587    0.497587    0.497587    0.497587    0.497587    0.497587    0.497587    0.497587    0.497587    0.497587    0.497587    0.497587    0.497587    0.497587    0.497587
    0.497587    0.497587    0.497587    0.497587    0.497587    0.497587    0.497587    0.497587    0.497587    0.497587    0.497587    0.497587    0.497587    0.497587    0.497587    0.497587    0.497587    0.497587    0.497587    0.497587    0.497587    0.497587    0.497587    0.497587    0.497587    0.497587    0.497587    0.497587    0.497587    0.497587    0.497587
    0.497587    0.497587    0.497587    0.497587    0.497587    0.497587    0.497587    0.497587    0.497587    0.497587    0.497587    0.497587    0.497587    0.497587    0.497587    0.497587    0.497587    0.497587    0.497587    0.497587    0.497587    0.497587    0.497587    0.497587    0.497587    0.497587    0.497587    0.497587    0.497587    0.497587    0.497587
    0.497587    0.497587    0.497587    0.497587    0.497587    0.497587    0.497587    0.497587    0.497587    0.497587    0.497587    0.497587    0.497587    0.497587    0.497587    0.497587    0.497587    0.497587    0.497587    0.497587    0.497587    0.497587    0.497587    0.497587    0.497587    0.497587    0.497587    0.497587    0.497587    0.497587    0.497587
    0.497587    0.497587    0.497587    0.497587    0.497587    0.497587    0.497587    0.497587    0.497587    0.497587    0.497587    0.497587    0.497587    0.497587    0.497587    0.497587    0.497587    0.497587    0.497587    0.497587    0.497587    0.497587    0.497587    0.497587    0.497587    0.497587    0.497587    0.497587    0.497587    0.497587    0.497587
    0.497587    0.497587    0.497587    0.497587    0.497587    0.497587    0.497587    0.497587    0.497587    0.497587    0.497587    0.497587    0.497587    0.497587    0.497587    0.497587    0.497587    0.497587    0.497587    0.497587    0.497587    0.497587    0.497587    0.497587    0.497587    0.497587    0.497587    0.497587    0.497587    0.497587    0.497587
    0.497587    0.497587    0.497587    0.497587    0.497587    0.497587    0.497587    0.497587    0.497587    0.497587    0.497587    0.497587    0.497587    0.497587    0.497587    0.497587    0.497587    0.497587    0.497587    0.497587    0.497587    0.497587    0.497587    0.497587    0.497587    0.497587    0.497587    0.497587    0.497587    0.497587    0.497587
    0.497587    0.497587    0.497587    0.497587    0.497587    0.497587    0.497587    0.497587    0.497587    0.497587    0.497587    0.497587    0.497587    0.497587    0.497587    0.497587    0.497587    0.497587    0.497587    0.497587    0.497587    0.497587    0.497587    0.497587    0.497587    0.497587    0.497587    0.497587    0.497587    0.497587    0.497587
    0.497587    0.497587    0.497587    0.497587    0.497587    0.497587    0.497587    0.497587    0.497587    0.497587    0.497587    0.497587    0.497587    0.497587    0.497587    0.497587    0.497587    0.497587    0.497587    0.497587    0.497587    0.497587    0.497587    0.497587    0.497587    0.497587    0.497587    0.497587    0.497587    0.497587    0.497587
    0.497587    0.497587    0.497587    0.497587    0.497587    0.497587    0.497587    0.497587    0.497587    0.497587    0.497587    0.497587    0.497587    0.497587    0.497587    0.497587    0.497587    0.497587    0.497587    0.497587    0.497587    0.497587    0.497587    0.497587    0.497587    0.497587    0.497587    0.497587    0.497587    0.497587    0.497587
    0.497587    0.497587    0.497587    0.497587    0.497587    0.497587    0.497587    0.497587    0.497587    0.497587    0.497587    0.497587    0.497587    0.497587    0.497587    0.497587    0.497587    0.497587    0.497587    0.497587    0.497587    0.497587    0.497587    0.497587    0.497587    0.497587    0.497587    0.497587    0.497587    0.497587    0.497587
    0.497587    0.497587    0.497587    0.497587    0.497587    0.497587    0.497587    0.497587    0.497587    0.497587    0.497587    0.497587    0.497587    0.497587    0.497587    0.497587    0.497587    0.497587    0.497587    0.497587    0.497587    0.497587    0.497587    0.497587    0.497587    0.497587    0.497587    0.497587    0.497587    0.497587    0.497587
    0.497587    0.497587    0.497587    0.497587    0.497587    0.497587    0.497587    0.497587    0.497587    0.497587    0.497587    0.497587    0.497587    0.497587    0.497587    0.497587    0.497587    0.497587    0.497587    0.497587    0.497587    0.497587    0.497587    0.497587    0.497587    0.497587    0.497587    0.497587    0.497587    0.497587    0.497587
    0.497587    0.497587    0.497587    0.497587    0.497587    0.497587    0.497587    0.497587    0.497587    0.497587    0.497587    0.497587    0.497587    0.497587    0.497587    0.497587    0.497587    0.497587    0.497587    0.497587    0.497587    0.497587    0.497587    0.497587    0.497587    0.497587    0.497587    0.497587    0.497587    0.497587    0.497587
    0.497587    0.497587    0.497587    0.497587    0.497587    0.497587    0.497587    0.497587    0.497587    0.497587    0.497587    0.497587    0.497587    0.497587    0.497587    0.497587    0.497587    0.497587    0.497587    0.497587    0.497587    0.497587    0.497587    0.497587    0.497587    0.497587    0.497587    0.497587    0.497587    0.497587    0.497587
    0.497587    0.497587    0.497587    0.497587    0.497587    0.497587    0.497587    0.497587    0.497587    0.497587    0.497587    0.497587    0.497587    0.497587    0.497587    0.497587    0.497587    0.497587    0.497587    0.497587    0.497587    0.497587    0.497587    0.497587    0.497587    0.497587    0.497587    0.497587    0.497587    0.497587    0.497587
    0.497587    0.497587    0.497587    0.497587    0.497587    0.497587    0.497587    0.497587    0.497587    0.497587    0.497587    0.497587    0.497587    0.497587    0.497587    0.497587    0.497587    0.497587    0.497587    0.497587    0.497587    0.497587    0.497587    0.497587    0.497587    0.497587    0.497587    0.497587    0.497587    0.497587    0.497587
    0.497587    0.497587    0.497587    0.497587    0.497587    0.497587    0.497587    0.497587    0.497587    0.497587    0.497587    0.497587    0.497587    0.497587    0.497587    0.497587    0.497587    0.497587    0.497587    0.497587    0.497587    0.497587    0.497587    0.497587    0.497587    0.497587    0.497587    0.497587    0.497587    0.497587    0.497587
    0.497587    0.497587    0.497587    0.497587    0.497587    0.497587    0.497587    0.497587    0.497587    0.497587    0.497587    0.497587    0.497587    0.497587    0.497587    0.497587    0.497587    0.497587    0.497587    0.497587    0.497587    0.497587    0.497587    0.497587    0.497587    0.497587    0.497587    0.497587    0.497587    0.497587    0.497587
    0.497587    0.497587    0.497587    0.497587    0.497587    0.497587    0.497587    0.497587    0.497587    0.497587    0.497587    0.497587    0.497587    0.497587    0.497587    0.497587    0.497587    0.497587    0.497587    0.497587    0.497587    0.497587    0.497587    0.497587    0.497587    0.497587    0.497587    0.497587    0.497587    0.497587    0.497587
    0.497587    0.497587    0.497587    0.497587    0.497587    0.497587    0.497587    0.497587    0.497587    0.497587    0.497587    0.497587    0.497587    0.497587    0.497587    0.497587    0.497587    0.497587    0.497587    0.497587    0.497587    0.497587    0.497587    0.497587    0.497587    0.497587    0.497587    0.497587    0.497587    0.497587    0.497587
    0.497587    0.497587    0.497587    0.497587    0.497587    0.497587    0.497587    0.497587    0.497587    0.497587    0.497587    0.497587    0.497587    0.497587    0.497587    0.497587    0.497587    0.497587    0.497587    0.497587    0.497587    0.497587    0.497587    0.497587    0.497587    0.497587    0.497587    0.497587    0.497587    0.497587    0.497587
    0.497587    0.497587    0.497587    0.497587    0.497587    0.497587    0.497587    0.497587    0.497587    0.497587    0.497587    0.497587    0.497587    0.497587    0.497587    0.497587    0.497587    0.497587    0.497587    0.497587    0.497587    0.497587    0.497587    0.497587    0.497587    0.497587    0.497587    0.497587    0.497587    0.497587    0.497587
    0.497587    0.497587    0.497587    0.497587    0.497587    0.497587    0.497587    0.497587    0.497587    0.497587    0.497587    0.497587    0.497587    0.497587    0.497587    0.497587    0.497587    0.497587    0.497587    0.497587    0.497587    0.497587    0.497587    0.497587    0.497587    0.497587    0.497587    0.497587    0.497587    0.497587    0.497587
    0.497587    0.497587    0.497587    0.497587    0.497587    0.497587    0.497587    0.497587    0.497587    0.497587    0.497587    0.497587    0.497587    0.497587    0.497587    0.497587    0.497587    0.497587    0.497587    0.497587    0.497587    0.497587    0.497587    0.497587    0.497587    0.497587    0.497587    0.497587    0.497587    0.497587    0.497587
    0.497587    0.497587    0.497587    0.497587    0.497587    0.497587    0.497587    0.497587    0.497587    0.497587    0.497587    0.497587    0.497587    0.497587    0.497587    0.497587    0.497587    0.497587    0.497587    0.497587    0.497587    0.497587    0.497587    0.497587    0.497587    0.497587    0.497587    0.497587    0.497587    0.497587    0.497587
    0.497587    0.497587    0.497587    0.497587    0.497587    0.497587    0.497587    0.497587    0.497587    0.497587    0.497587    0.497587    0.497587    0.497587    0.497587    0.497587    0.497587    0.497587    0.497587    0.497587    0.497587    0.497587    0.497587    0.497587    0.497587    0.497587    0.497587    0.497587    0.497587    0.497587    0.497587
    0.497587    0.497587    0.497587    0.497587    0.497587    0.497587    0.497587    0.497587    0.497587    0.497587    0.497587    0.497587    0.497587    0.497587    0.497587    0.497587    0.497587    0.497587    0.497587    0.497587    0.497587    0.497587    0.497587    0.497587    0.497587    0.497587    0.497587    0.497587    0.497587    0.497587    0.497587
    0.497587    0.497587    0.497587    0.497587    0.497587    0.497587    0.497587    0.497587    0.497587    0.497587    0.497587    0.497587    0.497587    0.497587    0.497587    0.497587    0.497587    0.497587    0.497587    0.497587    0.497587    0.497587    0.497587    0.497587    0.497587    0.497587    0.497587    0.497587    0.497587    0.497587    0.497587
    0.497587    0.497587    0.497587    0.497587    0.497587    0.497587    0.497587    0.497587    0.497587    0.497587    0.497587    0.497587    0.497587    0.497587    0.497587    0.497587    0.497587    0.497587    0.497587    0.497587    0.497587    0.497587    0.497587    0.497587    0.497587    0.497587    0.497587    0.497587    0.497587    0.497587    0.497587
    0.497587    0.497587    0.497587    0.497587    0.497587    0.497587    0.497587    0.497587    0.497587    0.497587    0.497587    0.497587    0.497587    0.497587    0.497587    0.497587    0.497587    0.497587    0.497587    0.497587    0.497587    0.497587    0.497587    0.497587    0.497587    0.497587    0.497587    0.497587    0.497587    0.497587    0.497587
    0.497587    0.497587    0.497587    0.497587    0.497587    0.497587    0.497587    0.497587    0.497587    0.497587    0.497587    0.497587    0.497587    0.497587    0.497587    0.497587    0.497587    0.497587    0.497587    0.497587    0.497587    0.497587    0.497587    0.497587    0.497587    0.497587    0.497587    0.497587    0.497587    0.497587    0.497587
    0.004202    0.004202    0.004202    0.004202    0.004202    0.004202    0.004202    0.004202    0.004202    0.004202    0.004202    0.004202    0.004202    0.004202    0.004202    0.004202    0.004202    0.004202    0.004202    0.004202    0.004202    0.004202    0.004202    0.004202    0.004202    0.004202    0.004202    0.004202    0.004202    0.004202    0.004202
    0.004202    0.004202    0.004202    0.004202    0.004202    0.004202    0.004202    0.004202    0.004202    0.004202    0.004202    0.004202    0.004202    0.004202    0.004202    0.004202    0.004202    0.004202    0.004202    0.004202    0.004202    0.004202    0.004202    0.004202    0.004202    0.004202    0.004202    0.004202    0.004202    0.004202    0.004202
    0.004202    0.004202    0.004202    0.004202    0.004202    0.004202    0.004202    0.004202    0.004202    0.004202    0.004202    0.004202    0.004202    0.004202    0.004202    0.004202    0.004202    0.004202    0.004202    0.004202    0.004202    0.004202    0.004202    0.004202    0.004202    0.004202    0.004202    0.004202    0.004202    0.004202    0.004202
    0.004202    0.004202    0.004202    0.004202    0.004202    0.004202    0.004202    0.004202    0.004202    0.004202    0.004202    0.004202    0.004202    0.004202    0.004202    0.004202    0.004202    0.004202    0.004202    0.004202    0.004202    0.004202    0.004202    0.004202    0.004202    0.004202    0.004202    0.004202    0.004202    0.004202    0.004202
    0.004202    0.004202    0.004202    0.004202    0.004202    0.004202    0.004202    0.004202    0.004202    0.004202    0.004202    0.004202    0.004202    0.004202    0.004202    0.004202    0.004202    0.004202    0.004202    0.004202    0.004202    0.004202    0.004202    0.004202    0.004202    0.004202    0.004202    0.004202    0.004202    0.004202    0.004202
    0.004202    0.004202    0.004202    0.004202    0.004202    0.004202    0.004202    0.004202    0.004202    0.004202    0.004202    0.004202    0.004202    0.004202    0.004202    0.004202    0.004202    0.004202    0.004202    0.004202    0.004202    0.004202    0.004202    0.004202    0.004202    0.004202    0.004202    0.004202    0.004202    0.004202    0.004202
    0.004202    0.004202    0.004202    0.004202    0.004202    0.004202    0.004202    0.004202    0.004202    0.004202    0.004202    0.004202    0.004202    0.004202    0.004202    0.004202    0.004202    0.004202    0.004202    0.004202    0.004202    0.004202    0.004202    0.004202    0.004202    0.004202    0.004202    0.004202    0.004202    0.004202    0.004202
    0.004202    0.004202    0.004202    0.004202    0.004202    0.004202    0.004202    0.004202    0.004202    0.004202    0.004202    0.004202    0.004202    0.004202    0.004202    0.004202    0.004202    0.004202    0.004202    0.004202    0.004202    0.004202    0.004202    0.004202    0.004202    0.004202    0.004202    0.004202    0.004202    0.004202    0.004202
    0.004202    0.004202    0.004202    0.004202    0.004202    0.004202    0.004202    0.004202    0.004202    0.004202    0.004202    0.004202    0.004202    0.004202    0.004202    0.004202    0.004202    0.004202    0.004202    0.004202    0.004202    0.004202    0.004202    0.004202    0.004202    0.004202    0.004202    0.004202    0.004202    0.004202    0.004202
    0.004202    0.004202    0.004202    0.004202    0.004202    0.004202    0.004202    0.004202    0.004202    0.004202    0.004202    0.004202    0.004202    0.004202    0.004202    0.004202    0.004202    0.004202    0.004202    0.004202    0.004202    0.004202    0.004202    0.004202    0.004202    0.004202    0.004202    0.004202    0.004202    0.004202    0.004202
    0.004202    0.004202    0.004202    0.004202    0.004202    0.004202    0.004202    0.004202    0.004202    0.004202    0.004202    0.004202    0.004202    0.004202    0.004202    0.004202    0.004202    0.004202    0.004202    0.004202    0.004202    0.004202    0.004202    0.004202    0.004202    0.004202    0.004202    0.004202    0.004202    0.004202    0.004202
    0.004202    0.004202    0.004202    0.004202    0.004202    0.004202    0.004202    0.004202    0.004202    0.004202    0.004202    0.004202    0.004202    0.004202    0.004202    0.004202    0.004202    0.004202    0.004202    0.004202    0.004202    0.004202    0.004202    0.004202    0.004202    0.004202    0.004202    0.004202    0.004202    0.004202    0.004202
    0.004202    0.004202    0.004202    0.004202    0.004202    0.004202    0.004202    0.004202    0.004202    0.004202    0.004202    0.004202    0.004202    0.004202    0.004202    0.004202    0.004202    0.004202    0.004202    0.004202    0.004202    0.004202    0.004202    0.004202    0.004202    0.004202    0.004202    0.004202    0.004202    0.004202    0.004202
    0.004202    0.004202    0.004202    0.004202    0.004202    0.004202    0.004202    0.004202    0.004202    0.004202    0.004202    0.004202    0.004202    0.004202    0.004202    0.004202    0.004202    0.004202    0.004202    0.004202    0.004202    0.004202    0.004202    0.004202    0.004202    0.004202    0.004202    0.004202    0.004202    0.004202    0.004202
    0.004202    0.004202    0.004202    0.004202    0.004202    0.004202    0.004202    0.004202    0.004202    0.004202    0.004202    0.004202    0.004202    0.004202    0.004202    0.004202    0.004202    0.004202    0.004202    0.004202    0.004202    0.004202    0.004202    0.004202    0.004202    0.004202    0.004202    0.004202    0.004202    0.004202    0.004202
    0.004202    0.004202    0.004202    0.004202    0.004202    0.004202    0.004202    0.004202    0.004202    0.004202    0.004202    0.004202    0.004202    0.004202    0.004202    0.004202    0.004202    0.004202    0.004202    0.004202    0.004202    0.004202    0.004202    0.004202    0.004202    0.004202    0.004202    0.004202    0.004202    0.004202    0.004202
    0.004202    0.004202    0.004202    0.004202    0.004202    0.004202    0.004202    0.004202    0.004202    0.004202    0.004202    0.004202    0.004202    0.004202    0.004202    0.004202    0.004202    0.004202    0.004202    0.004202    0.004202    0.004202    0.004202    0.004202    0.004202    0.004202    0.004202    0.004202    0.004202    0.004202    0.004202
    0.004202    0.004202    0.004202    0.004202    0.004202    0.004202    0.004202    0.004202    0.004202    0.004202    0.004202    0.004202    0.004202    0.004202    0.004202    0.004202    0.004202    0.004202    0.004202    0.004202    0.004202    0.004202    0.004202    0.004202    0.004202    0.004202    0.004202    0.004202    0.004202    0.004202    0.004202
    0.004202    0.004202    0.004202    0.004202    0.004202    0.004202    0.004202    0.004202    0.004202    0.004202    0.004202    0.004202    0.004202    0.004202    0.004202    0.004202    0.004202    0.004202    0.004202    0.004202    0.004202    0.004202    0.004202    0.004202    0.004202    0.004202    0.004202    0.004202    0.004202    0.004202    0.004202
    0.004202    0.004202    0.004202    0.004202    0.004202    0.004202    0.004202    0.004202    0.004202    0.004202    0.004202    0.004202    0.004202    0.004202    0.004202    0.004202    0.004202    0.004202    0.004202    0.004202    0.004202    0.004202    0.004202    0.004202    0.004202    0.004202    0.004202    0.004202    0.004202    0.004202    0.004202
    0.004202    0.004202    0.004202    0.004202    0.004202    0.004202    0.004202    0.004202    0.004202    0.004202    0.004202    0.004202    0.004202    0.004202    0.004202    0.004202    0.004202    0.004202    0.004202    0.004202    0.004202    0.004202    0.004202    0.004202    0.004202    0.004202    0.004202    0.004202    0.004202    0.004202    0.004202
    0.004202    0.004202    0.004202    0.004202    0.004202    0.004202    0.004202    0.004202    0.004202    0.004202    0.004202    0.004202    0.004202    0.004202    0.004202    0.004202    0.004202    0.004202    0.004202    0.004202    0.004202    0.004202    0.004202    0.004202    0.004202    0.004202    0.004202    0.004202    0.004202    0.004202    0.004202
    0.004202    0.004202    0.004202    0.004202    0.004202    0.004202    0.004202    0.004202    0.004202    0.004202    0.004202    0.004202    0.004202    0.004202    0.004202    0.004202    0.004202    0.004202    0.004202    0.004202    0.004202    0.004202    0.004202    0.004202    0.004202    0.004202    0.004202    0.004202    0.004202    0.004202    0.004202
    0.004202    0.004202    0.004202    0.004202    0.004202    0.004202    0.004202    0.004202    0.004202    0.004202    0.004202    0.004202    0.004202    0.004202    0.004202    0.004202    0.004202    0.004202    0.004202    0.004202    0.004202    0.004202    0.004202    0.004202    0.004202    0.004202    0.004202    0.004202    0.004202    0.004202    0.004202
    0.004202    0.004202    0.004202    0.004202    0.004202    0.004202    0.004202    0.004202    0.004202    0.004202    0.004202    0.004202    0.004202    0.004202    0.004202    0.004202    0.004202    0.004202    0.004202    0.004202    0.004202    0.004202    0.004202    0.004202    0.004202    0.004202    0.004202    0.004202    0.004202    0.004202    0.004202
    0.004202    0.004202    0.004202    0.004202    0.004202    0.004202    0.004202    0.004202    0.004202    0.004202    0.004202    0.004202    0.004202    0.004202    0.004202    0.004202    0.004202    0.004202    0.004202    0.004202    0.004202    0.004202    0.004202    0.004202    0.004202    0.004202    0.004202    0.004202    0.004202    0.004202    0.004202
    0.004202    0.004202    0.004202    0.004202    0.004202    0.004202    0.004202    0.004202    0.004202    0.004202    0.004202    0.004202    0.004202    0.004202    0.004202    0.004202    0.004202    0.004202    0.004202    0.004202    0.004202    0.004202    0.004202    0.004202    0.004202    0.004202    0.004202    0.004202    0.004202    0.004202    0.004202
    0.004202    0.004202    0.004202    0.004202    0.004202    0.004202    0.004202    0.004202    0.004202    0.004202    0.004202    0.004202    0.004202    0.004202    0.004202    0.004202    0.004202    0.004202    0.004202    0.004202    0.004202    0.004202    0.004202    0.004202    0.004202    0.004202    0.004202    0.004202    0.004202    0.004202    0.004202
    0.004202    0.004202    0.004202    0.004202    0.004202    0.004202    0.004202    0.004202    0.004202    0.004202    0.004202    0.004202    0.004202    0.004202    0.004202    0.004202    0.004202    0.004202    0.004202    0.004202    0.004202    0.004202    0.004202    0.004202    0.004202    0.004202    0.004202    0.004202    0.004202    0.004202    0.004202
    0.004202    0.004202    0.004202    0.004202    0.004202    0.004202    0.004202    0.004202    0.004202    0.004202    0.004202    0.004202    0.004202    0.004202    0.004202    0.004202    0.004202    0.004202    0.004202    0.004202    0.004202    0.004202    0.004202    0.004202    0.004202    0.004202    0.004202    0.004202    0.004202    0.004202    0.004202
    0.004202    0.004202    0.004202    0.004202    0.004202    0.004202    0.004202    0.004202    0.004202    0.004202    0.004202    0.004202    0.004202    0.004202    0.004202    0.004202    0.004202    0.004202    0.004202    0.004202    0.004202    0.004202    0.004202    0.004202    0.004202    0.004202    0.004202    0.004202    0.004202    0.004202    0.004202
    0.004202    0.004202    0.004202    0.004202    0.004202    0.004202    0.004202    0.004202    0.004202    0.004202    0.004202    0.004202    0.004202    0.004202    0.004202    0.004202    0.004202    0.004202    0.004202    0.004202    0.004202    0.004202    0.004202    0.004202    0.004202    0.004202    0.004202    0.004202    0.004202    0.004202    0.004202
    0.004202    0.004202    0.004202    0.004202    0.004202    0.004202    0.004202    0.004202    0.004202    0.004202    0.004202    0.004202    0.004202    0.004202    0.004202    0.004202    0.004202    0.004202    0.004202    0.004202    0.004202    0.004202    0.004202    0.004202    0.004202    0.004202    0.004202    0.004202    0.004202    0.004202    0.004202
    0.004202    0.004202    0.004202    0.004202    0.004202    0.004202    0.004202    0.004202    0.004202    0.004202    0.004202    0.004202    0.004202    0.004202    0.004202    0.004202    0.004202    0.004202    0.004202    0.004202    0.004202    0.004202    0.004202    0.004202    0.004202    0.004202    0.004202    0.004202    0.004202    0.004202    0.004202
    0.004202    0.004202    0.004202    0.004202    0.004202    0.004202    0.004202    0.004202    0.004202    0.004202    0.004202    0.004202    0.004202    0.004202    0.004202    0.004202    0.004202    0.004202    0.004202    0.004202    0.004202    0.004202    0.004202    0.004202    0.004202    0.004202    0.004202    0.004202    0.004202    0.004202    0.004202
    0.004202    0.004202    0.004202    0.004202    0.004202    0.004202    0.004202    0.004202    0.004202    0.004202    0.004202    0.004202    0.004202    0.004202    0.004202    0.004202    0.004202    0.004202    0.004202    0.004202    0.004202    0.004202    0.004202    0.004202    0.004202    0.004202    0.004202    0.004202    0.004202    0.004202    0.004202
    0.004202    0.004202    0.004202    0.004202    0.004202    0.004202    0.004202    0.004202    0.004202    0.004202    0.004202    0.004202    0.004202    0.004202    0.004202    0.004202    0.004202    0.004202    0.004202    0.004202    0.004202    0.004202    0.004202    0.004202    0.004202    0.004202    0.004202    0.004202    0.004202    0.004202    0.004202
    0.004202    0.004202    0.004202    0.004202    0.004202    0.004202    0.004202    0.004202    0.004202    0.004202    0.004202    0.004202    0.004202    0.004202    0.004202    0.004202    0.004202    0.004202    0.004202    0.004202    0.004202    0.004202    0.004202    0.004202    0.004202    0.004202    0.004202    0.004202    0.004202    0.004202    0.004202
    0.004202    0.004202    0.004202    0.004202    0.004202    0.004202    0.004202    0.004202    0.004202    0.004202    0.004202    0.004202    0.004202    0.004202    0.004202    0.004202    0.004202    0.004202    0.004202    0.004202    0.004202    0.004202    0.004202    0.004202    0.004202    0.004202    0.004202    0.004202    0.004202    0.004202    0.004202
    0.004202    0.004202    0.004202    0.004202    0.004202    0.004202    0.004202    0.004202    0.004202    0.004202    0.004202    0.004202    0.004202    0.004202    0.004202    0.004202    0.004202    0.004202    0.004202    0.004202    0.004202    0.004202    0.004202    0.004202    0.004202    0.004202    0.004202    0.004202    0.004202    0.004202    0.004202
    0.004202    0.004202    0.004202    0.004202    0.004202    0.004202    0.004202    0.004202    0.004202    0.004202    0.004202    0.004202    0.004202    0.004202    0.004202    0.004202    0.004202    0.004202    0.004202    0.004202    0.004202    0.004202    0.004202    0.004202    0.004202    0.004202    0.004202    0.004202    0.004202    0.004202    0.004202
    0.004202    0.004202    0.004202    0.004202    0.004202    0.004202    0.004202    0.004202    0.004202    0.004202    0.004202    0.004202    0.004202    0.004202    0.004202    0.004202    0.004202    0.004202    0.004202    0.004202    0.004202    0.004202    0.004202    0.004202    0.004202    0.004202    0.004202    0.004202    0.004202    0.004202    0.004202
    0.004202    0.004202    0.004202    0.004202    0.004202    0.004202    0.004202    0.004202    0.004202    0.004202    0.004202    0.004202    0.004202    0.004202    0.004202    0.004202    0.004202    0.004202    0.004202    0.004202    0.004202    0.004202    0.004202    0.004202    0.004202    0.004202    0.004202    0.004202    0.004202    0.004202    0.004202
    0.004202    0.004202    0.004202    0.004202    0.004202    0.004202    0.004202    0.004202    0.004202    0.004202    0.004202    0.004202    0.004202    0.004202    0.004202    0.004202    0.004202    0.004202    0.004202    0.004202    0.004202    0.004202    0.004202    0.004202    0.004202    0.004202    0.004202    0.004202    0.004202    0.004202    0.004202
    0.004202    0.004202    0.004202    0.004202    0.004202    0.004202    0.004202    0.004202    0.004202    0.004202    0.004202    0.004202    0.004202    0.004202    0.004202    0.004202    0.004202    0.004202    0.004202    0.004202    0.004202    0.004202    0.004202    0.004202    0.004202    0.004202    0.004202    0.004202    0.004202    0.004202    0.004202
    0.004202    0.004202    0.004202    0.004202    0.004202    0.004202    0.004202    0.004202    0.004202    0.004202    0.004202    0.004202    0.004202    0.004202    0.004202    0.004202    0.004202    0.004202    0.004202    0.004202    0.004202    0.004202    0.004202    0.004202    0.004202    0.004202    0.004202    0.004202    0.004202    0.004202    0.004202
    0.004202    0.004202    0.004202    0.004202    0.004202    0.004202    0.004202    0.004202    0.004202    0.004202    0.004202    0.004202    0.004202    0.004202    0.004202    0.004202    0.004202    0.004202    0.004202    0.004202    0.004202    0.004202    0.004202    0.004202    0.004202    0.004202    0.004202    0.004202    0.004202    0.004202    0.004202
