:Product: Daily Geomagnetic Data          DGD.txt
:Issued: 2130 UT 27 Dec 2025
#
#  Prepared by the U.S. Dept. of Commerce, NOAA, Space Weather Prediction Center
#  Please send comment and suggestions to SWPC.Webmaster@noaa.gov
#
#               Last 30 Days Daily Geomagnetic Data
#
#
#                Middle Latitude        High Latitude            Estimated
#              - Fredericksburg -     ---- College ----      --- Planetary ---
#  Date        A     K-indices        A     K-indices        A     K-indices
2025 11 28    16  3 3 3 4 3 3 3 2    48  3 4 6 6 5 6 5 2    22   3.67  3.33  4.00  4.00  3.67  4.00  3.67  2.67
2025 11 29    12  2 3 3 3 3 3 2 2    44  3 3 6 5 6 6 3 3    20   2.67  3.00  4.00  3.33  4.00  4.00  3.00  3.00
2025 11 30    14  4 4 1 3 2 2 3 2    18  3 3 2 5 3 3 3 3    16   4.00  4.00  2.33  3.33  1.67  2.33  3.33  2.67
2025 12 01     9  4 0 1 2 2 3 2 1    12  2 1 2 4 4 3 2 1    10   4.00  1.00  1.67  2.00  2.00  3.00  2.00  2.00
2025 12 02     5  1 2 0 2 2 1 2 2     9  2 1 0 4 3 2 2 1     9   2.33  2.67  1.67  2.00  2.00  1.67  3.00  2.00
2025 12 03    20  1 2 1 4 4 3 5 4    45  0 1 2 6 6 6 6 4    33   1.67  2.67  2.00  3.00  4.67  4.33  6.67  4.67
2025 12 04    24  5 5 3 3 3 4 3 2    57  4 5 6 6 6 6 5 3    32   5.00  5.00  4.67  4.00  4.00  4.33  3.67  3.00
2025 12 05    10  3 3 3 2 2 2 2 2    21  2 2 5 5 3 3 3 3    13   3.33  3.33  3.33  2.33  2.00  2.00  3.00  2.67
2025 12 06    15  4 3 4 3 3 2 2 2    30  2 4 6 5 4 4 3 2    16   3.67  3.33  4.33  3.00  3.00  2.33  2.33  1.67
2025 12 07     5  2 3 2 2 1 1 0 0     4  1 2 2 3 1 0 0 0     9   2.67  3.67  3.00  2.00  1.67  0.33  0.33  0.33
2025 12 08     1  0 0 0 0 0 1 1 0     0  0 0 0 0 0 0 0 0     2   0.33  0.67  0.33  0.33  0.00  0.33  1.00  0.67
2025 12 09     4  2 0 1 0 2 2 1 1     5  0 0 1 3 2 2 2 0     5   2.33  0.67  1.00  1.00  1.33  1.67  1.33  1.33
2025 12 10    16  2 1 2 2 2 1 3 6    19  0 2 3 4 4 3 3 5    21   2.67  2.00  3.33  2.00  2.33  2.00  3.00  6.33
2025 12 11    17  4 4 2 2 2 4 4 1    23  5 4 2 2 3 4 5 2    26   5.67  4.67  2.33  2.00  2.00  4.00  4.67  3.00
2025 12 12    19  3 4 2 3 3 3 4 4    52  4 4 5 6 5 6 6 4    28   4.00  4.00  3.00  3.67  3.33  3.33  5.00  5.00
2025 12 13     8  3 2 2 2 2 2 2 2    18  3 1 2 3 4 3 5 3    14   4.67  2.00  2.33  2.33  2.67  2.33  3.33  2.67
2025 12 14     5  2 2 1 2 1 1 1 1     6  2 2 1 2 3 1 1 0     7   2.67  2.33  1.33  2.00  1.33  1.33  1.67  1.00
2025 12 15     5  0 0 2 1 3 2 1 1     9  0 0 2 2 5 2 0 0     6   0.67  0.33  1.33  1.33  3.00  1.67  1.00  1.00
2025 12 16     6  2 1 2 2 2 2 2 1    12  1 2 2 4 3 3 3 2    12   3.33  2.67  2.00  2.00  2.00  3.33  3.00  2.33
2025 12 17    10  2 2 3 2 2 2 3 3    17  3 2 3 3 4 3 3 4    18   2.67  3.00  3.00  2.33  2.67  2.67  4.00  4.67
2025 12 18    11  4 2 3 2 1 3 2 2    36  4 2 6 6 4 5 3 2    17   4.33  2.67  3.67  3.33  2.00  3.00  3.00  2.67
2025 12 19     4  1 1 1 1 1 2 1 1     4  2 1 1 1 1 2 1 1     6   2.33  2.00  1.33  1.00  1.00  1.67  2.00  2.00
2025 12 20     4  2 1 1 1 1 1 1 2     8  2 1 0 2 4 2 1 2     6   2.00  0.67  1.33  1.33  1.67  1.67  1.67  2.67
2025 12 21    20  3 1 3 3 4 4 2 5    50  1 2 3 6 6 7 5 4    27   3.67  2.67  3.00  3.67  4.33  4.67  3.67  5.00
2025 12 22    17  3 3 4 2 4 3 3 3    53  3 2 4 5 7 6 6 4    25   3.67  3.33  3.67  3.00  5.00  3.67  4.00  4.00
2025 12 23    14  3 3 3 2 3 3 3 3    42  2 3 5 6 6 5 4 4    21   3.33  3.67  3.33  3.00  3.67  3.67  4.00  4.00
2025 12 24    19  4 4 3 3 3 4 2 3    40  4 4 6 6 5 3 4 3    21   4.33  4.33  3.67  2.67  3.33  3.67  3.00  3.00
2025 12 25     8  2 3 3 2 2 2 1 1    17  3 4 4 4 3 3 1 1    11   3.33  3.33  3.00  2.33  2.33  2.33  1.33  1.67
2025 12 26     6  1 2 2 1 2 3 1 1    13  1 1 2 4 4 4 1 1     8   1.67  2.33  2.33  2.00  2.00  3.33  1.00  1.00
2025 12 27    -1  1 2 2 1 2 2 1-1    -1  1 2 2 3 3 1 2-1     7   1.33  3.00  2.00  1.67  1.67  1.00  2.00 -1.00
